optimizer,suite,function,dimension,run,seed,best_fitness,error,nfes,termination,runtime_seconds
atmals-gsk,cec2013,1,10,1,32240721,-1.4000000000e+03,0.0000000000e+00,100000,max_evaluations,1.175213
atmals-gsk,cec2013,1,10,2,33240758,-1.4000000000e+03,0.0000000000e+00,100000,max_evaluations,1.094635
atmals-gsk,cec2013,1,10,3,34240795,-1.4000000000e+03,0.0000000000e+00,100000,max_evaluations,1.117474
atmals-gsk,cec2013,1,10,4,35240832,-1.4000000000e+03,0.0000000000e+00,100000,max_evaluations,1.141278
atmals-gsk,cec2013,1,10,5,36240869,-1.4000000000e+03,0.0000000000e+00,100000,max_evaluations,1.112568
atmals-gsk,cec2013,1,10,6,37240906,-1.4000000000e+03,0.0000000000e+00,100000,max_evaluations,1.122030
atmals-gsk,cec2013,1,10,7,38240943,-1.4000000000e+03,0.0000000000e+00,100000,max_evaluations,1.115311
atmals-gsk,cec2013,1,10,8,39240980,-1.4000000000e+03,0.0000000000e+00,100000,max_evaluations,1.137676
atmals-gsk,cec2013,1,10,9,40241017,-1.4000000000e+03,0.0000000000e+00,100000,max_evaluations,1.166048
atmals-gsk,cec2013,1,10,10,41241054,-1.4000000000e+03,0.0000000000e+00,100000,max_evaluations,1.146204
atmals-gsk,cec2013,1,10,11,42241091,-1.4000000000e+03,0.0000000000e+00,100000,max_evaluations,1.239046
atmals-gsk,cec2013,1,10,12,43241128,-1.4000000000e+03,0.0000000000e+00,100000,max_evaluations,1.081339
atmals-gsk,cec2013,1,10,13,44241165,-1.4000000000e+03,0.0000000000e+00,100000,max_evaluations,1.053309
atmals-gsk,cec2013,1,10,14,45241202,-1.4000000000e+03,0.0000000000e+00,100000,max_evaluations,1.110167
atmals-gsk,cec2013,1,10,15,46241239,-1.4000000000e+03,0.0000000000e+00,100000,max_evaluations,1.097075
atmals-gsk,cec2013,1,10,16,47241276,-1.4000000000e+03,0.0000000000e+00,100000,max_evaluations,1.071861
atmals-gsk,cec2013,1,10,17,48241313,-1.4000000000e+03,0.0000000000e+00,100000,max_evaluations,1.068210
atmals-gsk,cec2013,1,10,18,49241350,-1.4000000000e+03,0.0000000000e+00,100000,max_evaluations,1.107396
atmals-gsk,cec2013,1,10,19,50241387,-1.4000000000e+03,0.0000000000e+00,100000,max_evaluations,1.073331
atmals-gsk,cec2013,1,10,20,51241424,-1.4000000000e+03,0.0000000000e+00,100000,max_evaluations,1.091065
atmals-gsk,cec2013,1,10,21,52241461,-1.4000000000e+03,0.0000000000e+00,100000,max_evaluations,1.083073
atmals-gsk,cec2013,1,10,22,53241498,-1.4000000000e+03,0.0000000000e+00,100000,max_evaluations,1.122595
atmals-gsk,cec2013,1,10,23,54241535,-1.4000000000e+03,0.0000000000e+00,100000,max_evaluations,1.102117
atmals-gsk,cec2013,1,10,24,55241572,-1.4000000000e+03,0.0000000000e+00,100000,max_evaluations,1.142982
atmals-gsk,cec2013,1,10,25,56241609,-1.4000000000e+03,0.0000000000e+00,100000,max_evaluations,1.151013
atmals-gsk,cec2013,1,10,26,57241646,-1.4000000000e+03,0.0000000000e+00,100000,max_evaluations,1.101519
atmals-gsk,cec2013,1,10,27,58241683,-1.4000000000e+03,0.0000000000e+00,100000,max_evaluations,1.125588
atmals-gsk,cec2013,1,10,28,59241720,-1.4000000000e+03,0.0000000000e+00,100000,max_evaluations,1.072233
atmals-gsk,cec2013,1,10,29,60241757,-1.4000000000e+03,0.0000000000e+00,100000,max_evaluations,1.126295
atmals-gsk,cec2013,1,10,30,61241794,-1.4000000000e+03,0.0000000000e+00,100000,max_evaluations,1.094593
atmals-gsk,cec2013,1,10,31,62241831,-1.4000000000e+03,0.0000000000e+00,100000,max_evaluations,1.127924
atmals-gsk,cec2013,1,10,32,63241868,-1.4000000000e+03,0.0000000000e+00,100000,max_evaluations,1.163756
atmals-gsk,cec2013,1,10,33,64241905,-1.4000000000e+03,0.0000000000e+00,100000,max_evaluations,1.150153
atmals-gsk,cec2013,1,10,34,65241942,-1.4000000000e+03,0.0000000000e+00,100000,max_evaluations,1.091711
atmals-gsk,cec2013,1,10,35,66241979,-1.4000000000e+03,0.0000000000e+00,100000,max_evaluations,1.107548
atmals-gsk,cec2013,1,10,36,67242016,-1.4000000000e+03,0.0000000000e+00,100000,max_evaluations,1.132216
atmals-gsk,cec2013,1,10,37,68242053,-1.4000000000e+03,0.0000000000e+00,100000,max_evaluations,1.144276
atmals-gsk,cec2013,1,10,38,69242090,-1.4000000000e+03,0.0000000000e+00,100000,max_evaluations,1.109383
atmals-gsk,cec2013,1,10,39,70242127,-1.4000000000e+03,0.0000000000e+00,100000,max_evaluations,1.110333
atmals-gsk,cec2013,1,10,40,71242164,-1.4000000000e+03,0.0000000000e+00,100000,max_evaluations,1.098873
atmals-gsk,cec2013,1,10,41,72242201,-1.4000000000e+03,0.0000000000e+00,100000,max_evaluations,1.166922
atmals-gsk,cec2013,1,10,42,73242238,-1.4000000000e+03,0.0000000000e+00,100000,max_evaluations,1.127328
atmals-gsk,cec2013,1,10,43,74242275,-1.4000000000e+03,0.0000000000e+00,100000,max_evaluations,1.122439
atmals-gsk,cec2013,1,10,44,75242312,-1.4000000000e+03,0.0000000000e+00,100000,max_evaluations,1.145538
atmals-gsk,cec2013,1,10,45,76242349,-1.4000000000e+03,0.0000000000e+00,100000,max_evaluations,1.103378
atmals-gsk,cec2013,1,10,46,77242386,-1.4000000000e+03,0.0000000000e+00,100000,max_evaluations,1.058873
atmals-gsk,cec2013,1,10,47,78242423,-1.4000000000e+03,0.0000000000e+00,100000,max_evaluations,1.047245
atmals-gsk,cec2013,1,10,48,79242460,-1.4000000000e+03,0.0000000000e+00,100000,max_evaluations,0.935154
atmals-gsk,cec2013,1,10,49,80242497,-1.4000000000e+03,0.0000000000e+00,100000,max_evaluations,0.944025
atmals-gsk,cec2013,1,10,50,81242534,-1.4000000000e+03,0.0000000000e+00,100000,max_evaluations,0.995634
atmals-gsk,cec2013,1,10,51,82242571,-1.4000000000e+03,0.0000000000e+00,100000,max_evaluations,0.944354
atmals-gsk,cec2013,2,10,1,33240754,-1.3000000000e+03,0.0000000000e+00,100000,max_evaluations,1.193610
atmals-gsk,cec2013,2,10,2,34240791,-1.2999999998e+03,2.4915650000e-07,100000,max_evaluations,1.244943
atmals-gsk,cec2013,2,10,3,35240828,-1.3000000000e+03,0.0000000000e+00,100000,max_evaluations,1.230636
atmals-gsk,cec2013,2,10,4,36240865,-1.2999999999e+03,8.9174100000e-08,100000,max_evaluations,1.192207
atmals-gsk,cec2013,2,10,5,37240902,-1.2999999545e+03,4.5453885000e-05,100000,max_evaluations,1.319147
atmals-gsk,cec2013,2,10,6,38240939,-1.3000000000e+03,0.0000000000e+00,100000,max_evaluations,1.221126
atmals-gsk,cec2013,2,10,7,39240976,-1.2999999997e+03,2.9682360000e-07,100000,max_evaluations,1.213771
atmals-gsk,cec2013,2,10,8,40241013,-1.3000000000e+03,3.0789400000e-08,100000,max_evaluations,1.202565
atmals-gsk,cec2013,2,10,9,41241050,-1.2999999991e+03,8.5099350000e-07,100000,max_evaluations,1.307564
atmals-gsk,cec2013,2,10,10,42241087,-1.3000000000e+03,0.0000000000e+00,100000,max_evaluations,1.273704
atmals-gsk,cec2013,2,10,11,43241124,-1.2999999999e+03,9.9799300000e-08,100000,max_evaluations,1.283901
atmals-gsk,cec2013,2,10,12,44241161,-1.2999999989e+03,1.1199775000e-06,100000,max_evaluations,1.305353
atmals-gsk,cec2013,2,10,13,45241198,-1.2999999994e+03,6.0420140000e-07,100000,max_evaluations,1.326317
atmals-gsk,cec2013,2,10,14,46241235,-1.2999999999e+03,1.1490620000e-07,100000,max_evaluations,1.281300
atmals-gsk,cec2013,2,10,15,47241272,-1.2999999961e+03,3.8766357000e-06,100000,max_evaluations,1.202089
atmals-gsk,cec2013,2,10,16,48241309,-1.3000000000e+03,0.0000000000e+00,100000,max_evaluations,1.924179
atmals-gsk,cec2013,2,10,17,49241346,-1.2999999999e+03,1.1768360000e-07,100000,max_evaluations,1.833413
atmals-gsk,cec2013,2,10,18,50241383,-1.3000000000e+03,0.0000000000e+00,100000,max_evaluations,1.635898
atmals-gsk,cec2013,2,10,19,51241420,-1.3000000000e+03,0.0000000000e+00,100000,max_evaluations,1.802408
atmals-gsk,cec2013,2,10,20,52241457,-1.3000000000e+03,0.0000000000e+00,100000,max_evaluations,1.895692
atmals-gsk,cec2013,2,10,21,53241494,-1.3000000000e+03,1.6525300000e-08,100000,max_evaluations,1.835701
atmals-gsk,cec2013,2,10,22,54241531,-1.2999999962e+03,3.8420355000e-06,100000,max_evaluations,1.835742
atmals-gsk,cec2013,2,10,23,55241568,-1.3000000000e+03,0.0000000000e+00,100000,max_evaluations,2.084889
atmals-gsk,cec2013,2,10,24,56241605,-1.3000000000e+03,0.0000000000e+00,100000,max_evaluations,1.767424
atmals-gsk,cec2013,2,10,25,57241642,-1.2999998439e+03,1.5605323960e-04,100000,max_evaluations,1.758568
atmals-gsk,cec2013,2,10,26,58241679,-1.2999999998e+03,2.1743700000e-07,100000,max_evaluations,1.761710
atmals-gsk,cec2013,2,10,27,59241716,-1.3000000000e+03,0.0000000000e+00,100000,max_evaluations,1.792080
atmals-gsk,cec2013,2,10,28,60241753,-1.2999999525e+03,4.7484556000e-05,100000,max_evaluations,1.730669
atmals-gsk,cec2013,2,10,29,61241790,-1.2999999998e+03,1.5686370000e-07,100000,max_evaluations,1.669451
atmals-gsk,cec2013,2,10,30,62241827,-1.2999999938e+03,6.2421254000e-06,100000,max_evaluations,1.733942
atmals-gsk,cec2013,2,10,31,63241864,-1.3000000000e+03,4.4752600000e-08,100000,max_evaluations,2.414824
atmals-gsk,cec2013,2,10,32,64241901,-1.2999999935e+03,6.5234162000e-06,100000,max_evaluations,2.328462
atmals-gsk,cec2013,2,10,33,65241938,-1.3000000000e+03,3.5663600000e-08,100000,max_evaluations,2.755000
atmals-gsk,cec2013,2,10,34,66241975,-1.3000000000e+03,4.6632300000e-08,100000,max_evaluations,2.567168
atmals-gsk,cec2013,2,10,35,67242012,-1.3000000000e+03,0.0000000000e+00,100000,max_evaluations,2.273964
atmals-gsk,cec2013,2,10,36,68242049,-1.2999999974e+03,2.5838117000e-06,100000,max_evaluations,2.363059
atmals-gsk,cec2013,2,10,37,69242086,-1.2999999992e+03,7.8910650000e-07,100000,max_evaluations,2.460632
atmals-gsk,cec2013,2,10,38,70242123,-1.2999999995e+03,4.7343400000e-07,100000,max_evaluations,2.466011
atmals-gsk,cec2013,2,10,39,71242160,-1.2999999995e+03,4.7195900000e-07,100000,max_evaluations,2.555927
atmals-gsk,cec2013,2,10,40,72242197,-1.2999999961e+03,3.9372428000e-06,100000,max_evaluations,2.586785
atmals-gsk,cec2013,2,10,41,73242234,-1.3000000000e+03,0.0000000000e+00,100000,max_evaluations,2.399856
atmals-gsk,cec2013,2,10,42,74242271,-1.3000000000e+03,1.2518000000e-08,100000,max_evaluations,2.416939
atmals-gsk,cec2013,2,10,43,75242308,-1.3000000000e+03,0.0000000000e+00,100000,max_evaluations,2.621339
atmals-gsk,cec2013,2,10,44,76242345,-1.2999999988e+03,1.1863049000e-06,100000,max_evaluations,2.699786
atmals-gsk,cec2013,2,10,45,77242382,-1.3000000000e+03,0.0000000000e+00,100000,max_evaluations,2.543800
atmals-gsk,cec2013,2,10,46,78242419,-1.2999999997e+03,2.6372030000e-07,100000,max_evaluations,2.148857
atmals-gsk,cec2013,2,10,47,79242456,-1.3000000000e+03,0.0000000000e+00,100000,max_evaluations,1.954207
atmals-gsk,cec2013,2,10,48,80242493,-1.2999999999e+03,5.4139700000e-08,100000,max_evaluations,2.120189
atmals-gsk,cec2013,2,10,49,81242530,-1.2999999945e+03,5.4981158000e-06,100000,max_evaluations,2.020925
atmals-gsk,cec2013,2,10,50,82242567,-1.2999999990e+03,1.0040060000e-06,100000,max_evaluations,2.060579
atmals-gsk,cec2013,2,10,51,83242604,-1.2999999997e+03,2.5443100000e-07,100000,max_evaluations,2.058148
atmals-gsk,cec2013,3,10,1,34240787,-1.2000000000e+03,0.0000000000e+00,100000,max_evaluations,1.966414
atmals-gsk,cec2013,3,10,2,35240824,-1.1999286432e+03,7.1356829888e-02,100000,max_evaluations,1.944846
atmals-gsk,cec2013,3,10,3,36240861,-1.1999999730e+03,2.7033157700e-05,100000,max_evaluations,2.287768
atmals-gsk,cec2013,3,10,4,37240898,-1.1999999811e+03,1.8926915300e-05,100000,max_evaluations,2.418445
atmals-gsk,cec2013,3,10,5,38240935,-1.1999999927e+03,7.3114604000e-06,100000,max_evaluations,2.303928
atmals-gsk,cec2013,3,10,6,39240972,-1.1999999774e+03,2.2609552400e-05,100000,max_evaluations,2.289643
atmals-gsk,cec2013,3,10,7,40241009,-1.1999529902e+03,4.7009786918e-02,100000,max_evaluations,2.323306
atmals-gsk,cec2013,3,10,8,41241046,-1.1999999864e+03,1.3574630200e-05,100000,max_evaluations,2.495174
atmals-gsk,cec2013,3,10,9,42241083,-1.1999437388e+03,5.6261188331e-02,100000,max_evaluations,2.187483
atmals-gsk,cec2013,3,10,10,43241120,-1.1999286432e+03,7.1356829187e-02,100000,max_evaluations,1.946972
atmals-gsk,cec2013,3,10,11,44241157,-1.1999999765e+03,2.3544450400e-05,100000,max_evaluations,1.868917
atmals-gsk,cec2013,3,10,12,45241194,-1.1999979240e+03,2.0760073025e-03,100000,max_evaluations,2.093672
atmals-gsk,cec2013,3,10,13,46241231,-1.1999999313e+03,6.8695932200e-05,100000,max_evaluations,1.990158
atmals-gsk,cec2013,3,10,14,47241268,-1.1999999820e+03,1.7958636600e-05,100000,max_evaluations,2.102448
atmals-gsk,cec2013,3,10,15,48241305,-1.1999999758e+03,2.4179389400e-05,100000,max_evaluations,1.973573
atmals-gsk,cec2013,3,10,16,49241342,-1.1999996035e+03,3.9646145100e-04,100000,max_evaluations,2.283845
atmals-gsk,cec2013,3,10,17,50241379,-1.1999999866e+03,1.3414556200e-05,100000,max_evaluations,2.223128
atmals-gsk,cec2013,3,10,18,51241416,-1.1997178603e+03,2.8213972465e-01,100000,max_evaluations,2.324544
atmals-gsk,cec2013,3,10,19,52241453,-1.2000000000e+03,0.0000000000e+00,100000,max_evaluations,2.267785
atmals-gsk,cec2013,3,10,20,53241490,-1.1999999838e+03,1.6155086500e-05,100000,max_evaluations,2.328021
atmals-gsk,cec2013,3,10,21,54241527,-1.1999989462e+03,1.0538291322e-03,100000,max_evaluations,2.327936
atmals-gsk,cec2013,3,10,22,55241564,-1.1999999379e+03,6.2069906600e-05,100000,max_evaluations,2.157086
atmals-gsk,cec2013,3,10,23,56241601,-1.1999999848e+03,1.5186604700e-05,100000,max_evaluations,2.299464
atmals-gsk,cec2013,3,10,24,57241638,-1.1999999367e+03,6.3336526200e-05,100000,max_evaluations,2.605564
atmals-gsk,cec2013,3,10,25,58241675,-1.1999999973e+03,2.7398678000e-06,100000,max_evaluations,2.647410
atmals-gsk,cec2013,3,10,26,59241712,-1.1999999972e+03,2.8209500000e-06,100000,max_evaluations,2.567772
atmals-gsk,cec2013,3,10,27,60241749,-1.1999286431e+03,7.1356910182e-02,100000,max_evaluations,2.637624
atmals-gsk,cec2013,3,10,28,61241786,-1.1999999940e+03,6.0387706000e-06,100000,max_evaluations,2.729958
atmals-gsk,cec2013,3,10,29,62241823,-1.1999999808e+03,1.9186287500e-05,100000,max_evaluations,2.680314
atmals-gsk,cec2013,3,10,30,63241860,-1.1999999150e+03,8.5020591000e-05,100000,max_evaluations,2.612276
atmals-gsk,cec2013,3,10,31,64241897,-1.1999999949e+03,5.0574401000e-06,100000,max_evaluations,2.454037
atmals-gsk,cec2013,3,10,32,65241934,-1.1999999863e+03,1.3670396800e-05,100000,max_evaluations,2.640164
atmals-gsk,cec2013,3,10,33,66241971,-1.1999996131e+03,3.8685795930e-04,100000,max_evaluations,2.561740
atmals-gsk,cec2013,3,10,34,67242008,-1.1999999995e+03,4.5107870000e-07,100000,max_evaluations,2.414204
atmals-gsk,cec2013,3,10,35,68242045,-1.1999286432e+03,7.1356829185e-02,100000,max_evaluations,2.457841
atmals-gsk,cec2013,3,10,36,69242082,-1.1999999969e+03,3.0720955000e-06,100000,max_evaluations,2.389344
atmals-gsk,cec2013,3,10,37,70242119,-1.1996458718e+03,3.5412819797e-01,100000,max_evaluations,2.601314
atmals-gsk,cec2013,3,10,38,71242156,-1.1999999811e+03,1.8895777000e-05,100000,max_evaluations,2.550465
atmals-gsk,cec2013,3,10,39,72242193,-1.1999999993e+03,6.5388830000e-07,100000,max_evaluations,2.846624
atmals-gsk,cec2013,3,10,40,73242230,-1.1999999504e+03,4.9551464800e-05,100000,max_evaluations,2.896894
atmals-gsk,cec2013,3,10,41,74242267,-1.1999990534e+03,9.4664239550e-04,100000,max_evaluations,2.860430
atmals-gsk,cec2013,3,10,42,75242304,-1.1999999878e+03,1.2236149600e-05,100000,max_evaluations,2.718893
atmals-gsk,cec2013,3,10,43,76242341,-1.1999998242e+03,1.7582284250e-04,100000,max_evaluations,2.861865
atmals-gsk,cec2013,3,10,44,77242378,-1.1999999669e+03,3.3091176400e-05,100000,max_evaluations,2.604646
atmals-gsk,cec2013,3,10,45,78242415,-1.1999996933e+03,3.0667908050e-04,100000,max_evaluations,2.796035
atmals-gsk,cec2013,3,10,46,79242452,-1.1999286432e+03,7.1356831941e-02,100000,max_evaluations,2.157516
atmals-gsk,cec2013,3,10,47,80242489,-1.1999999998e+03,2.1207760000e-07,100000,max_evaluations,2.161941
atmals-gsk,cec2013,3,10,48,81242526,-1.1999999812e+03,1.8812727100e-05,100000,max_evaluations,2.084681
atmals-gsk,cec2013,3,10,49,82242563,-1.1999999998e+03,2.4425600000e-07,100000,max_evaluations,2.071245
atmals-gsk,cec2013,3,10,50,83242600,-1.1999987921e+03,1.2079495893e-03,100000,max_evaluations,2.128723
atmals-gsk,cec2013,3,10,51,84242637,-1.1999999955e+03,4.4767728000e-06,100000,max_evaluations,2.126259
atmals-gsk,cec2013,4,10,1,35240820,-1.1000000000e+03,0.0000000000e+00,100000,max_evaluations,2.041420
atmals-gsk,cec2013,4,10,2,36240857,-1.1000000000e+03,0.0000000000e+00,100000,max_evaluations,1.844615
atmals-gsk,cec2013,4,10,3,37240894,-1.0999999985e+03,1.4773150000e-06,100000,max_evaluations,2.547896
atmals-gsk,cec2013,4,10,4,38240931,-1.1000000000e+03,0.0000000000e+00,100000,max_evaluations,2.153104
atmals-gsk,cec2013,4,10,5,39240968,-1.1000000000e+03,0.0000000000e+00,100000,max_evaluations,2.225588
atmals-gsk,cec2013,4,10,6,40241005,-1.1000000000e+03,0.0000000000e+00,100000,max_evaluations,2.299209
atmals-gsk,cec2013,4,10,7,41241042,-1.1000000000e+03,0.0000000000e+00,100000,max_evaluations,2.285597
atmals-gsk,cec2013,4,10,8,42241079,-1.1000000000e+03,0.0000000000e+00,100000,max_evaluations,2.179271
atmals-gsk,cec2013,4,10,9,43241116,-1.1000000000e+03,0.0000000000e+00,100000,max_evaluations,2.420411
atmals-gsk,cec2013,4,10,10,44241153,-1.1000000000e+03,0.0000000000e+00,100000,max_evaluations,2.039909
atmals-gsk,cec2013,4,10,11,45241190,-1.1000000000e+03,0.0000000000e+00,100000,max_evaluations,2.048590
atmals-gsk,cec2013,4,10,12,46241227,-1.1000000000e+03,0.0000000000e+00,100000,max_evaluations,1.916281
atmals-gsk,cec2013,4,10,13,47241264,-1.1000000000e+03,0.0000000000e+00,100000,max_evaluations,1.861419
atmals-gsk,cec2013,4,10,14,48241301,-1.1000000000e+03,1.3498000000e-08,100000,max_evaluations,1.920548
atmals-gsk,cec2013,4,10,15,49241338,-1.1000000000e+03,0.0000000000e+00,100000,max_evaluations,2.094730
atmals-gsk,cec2013,4,10,16,50241375,-1.0999999996e+03,4.1077370000e-07,100000,max_evaluations,2.338218
atmals-gsk,cec2013,4,10,17,51241412,-1.1000000000e+03,0.0000000000e+00,100000,max_evaluations,2.281272
atmals-gsk,cec2013,4,10,18,52241449,-1.1000000000e+03,1.8362500000e-08,100000,max_evaluations,2.242776
atmals-gsk,cec2013,4,10,19,53241486,-1.1000000000e+03,2.3131400000e-08,100000,max_evaluations,2.113883
atmals-gsk,cec2013,4,10,20,54241523,-1.1000000000e+03,0.0000000000e+00,100000,max_evaluations,2.086206
atmals-gsk,cec2013,4,10,21,55241560,-1.1000000000e+03,0.0000000000e+00,100000,max_evaluations,2.206386
atmals-gsk,cec2013,4,10,22,56241597,-1.0999999997e+03,3.1184160000e-07,100000,max_evaluations,2.123385
atmals-gsk,cec2013,4,10,23,57241634,-1.1000000000e+03,0.0000000000e+00,100000,max_evaluations,2.072451
atmals-gsk,cec2013,4,10,24,58241671,-1.1000000000e+03,0.0000000000e+00,100000,max_evaluations,2.441705
atmals-gsk,cec2013,4,10,25,59241708,-1.1000000000e+03,3.7547600000e-08,100000,max_evaluations,2.541500
atmals-gsk,cec2013,4,10,26,60241745,-1.1000000000e+03,0.0000000000e+00,100000,max_evaluations,2.489586
atmals-gsk,cec2013,4,10,27,61241782,-1.1000000000e+03,0.0000000000e+00,100000,max_evaluations,2.634822
atmals-gsk,cec2013,4,10,28,62241819,-1.1000000000e+03,0.0000000000e+00,100000,max_evaluations,2.695825
atmals-gsk,cec2013,4,10,29,63241856,-1.1000000000e+03,0.0000000000e+00,100000,max_evaluations,2.580661
atmals-gsk,cec2013,4,10,30,64241893,-1.1000000000e+03,0.0000000000e+00,100000,max_evaluations,2.394703
atmals-gsk,cec2013,4,10,31,65241930,-1.1000000000e+03,0.0000000000e+00,100000,max_evaluations,2.009886
atmals-gsk,cec2013,4,10,32,66241967,-1.1000000000e+03,0.0000000000e+00,100000,max_evaluations,2.122359
atmals-gsk,cec2013,4,10,33,67242004,-1.1000000000e+03,0.0000000000e+00,100000,max_evaluations,2.198004
atmals-gsk,cec2013,4,10,34,68242041,-1.1000000000e+03,0.0000000000e+00,100000,max_evaluations,2.108309
atmals-gsk,cec2013,4,10,35,69242078,-1.1000000000e+03,4.9030200000e-08,100000,max_evaluations,2.421472
atmals-gsk,cec2013,4,10,36,70242115,-1.1000000000e+03,0.0000000000e+00,100000,max_evaluations,2.118497
atmals-gsk,cec2013,4,10,37,71242152,-1.1000000000e+03,0.0000000000e+00,100000,max_evaluations,2.191751
atmals-gsk,cec2013,4,10,38,72242189,-1.1000000000e+03,0.0000000000e+00,100000,max_evaluations,2.176375
atmals-gsk,cec2013,4,10,39,73242226,-1.1000000000e+03,0.0000000000e+00,100000,max_evaluations,2.591024
atmals-gsk,cec2013,4,10,40,74242263,-1.1000000000e+03,0.0000000000e+00,100000,max_evaluations,2.522704
atmals-gsk,cec2013,4,10,41,75242300,-1.1000000000e+03,0.0000000000e+00,100000,max_evaluations,2.289852
atmals-gsk,cec2013,4,10,42,76242337,-1.0999999995e+03,5.2043950000e-07,100000,max_evaluations,2.431193
atmals-gsk,cec2013,4,10,43,77242374,-1.1000000000e+03,0.0000000000e+00,100000,max_evaluations,2.533497
atmals-gsk,cec2013,4,10,44,78242411,-1.1000000000e+03,1.0512600000e-08,100000,max_evaluations,2.484524
atmals-gsk,cec2013,4,10,45,79242448,-1.1000000000e+03,4.3818800000e-08,100000,max_evaluations,2.342452
atmals-gsk,cec2013,4,10,46,80242485,-1.1000000000e+03,0.0000000000e+00,100000,max_evaluations,1.935125
atmals-gsk,cec2013,4,10,47,81242522,-1.0999999976e+03,2.4186820000e-06,100000,max_evaluations,1.831442
atmals-gsk,cec2013,4,10,48,82242559,-1.1000000000e+03,0.0000000000e+00,100000,max_evaluations,1.912061
atmals-gsk,cec2013,4,10,49,83242596,-1.1000000000e+03,0.0000000000e+00,100000,max_evaluations,1.817211
atmals-gsk,cec2013,4,10,50,84242633,-1.1000000000e+03,0.0000000000e+00,100000,max_evaluations,1.905263
atmals-gsk,cec2013,4,10,51,85242670,-1.1000000000e+03,0.0000000000e+00,100000,max_evaluations,1.836791
atmals-gsk,cec2013,5,10,1,36240853,-1.0000000000e+03,0.0000000000e+00,100000,max_evaluations,1.186542
atmals-gsk,cec2013,5,10,2,37240890,-1.0000000000e+03,0.0000000000e+00,100000,max_evaluations,1.160231
atmals-gsk,cec2013,5,10,3,38240927,-1.0000000000e+03,0.0000000000e+00,100000,max_evaluations,1.176223
atmals-gsk,cec2013,5,10,4,39240964,-1.0000000000e+03,0.0000000000e+00,100000,max_evaluations,1.201828
atmals-gsk,cec2013,5,10,5,40241001,-1.0000000000e+03,0.0000000000e+00,100000,max_evaluations,1.300057
atmals-gsk,cec2013,5,10,6,41241038,-1.0000000000e+03,0.0000000000e+00,100000,max_evaluations,1.271256
atmals-gsk,cec2013,5,10,7,42241075,-1.0000000000e+03,0.0000000000e+00,100000,max_evaluations,1.231440
atmals-gsk,cec2013,5,10,8,43241112,-1.0000000000e+03,0.0000000000e+00,100000,max_evaluations,1.228230
atmals-gsk,cec2013,5,10,9,44241149,-1.0000000000e+03,0.0000000000e+00,100000,max_evaluations,1.336577
atmals-gsk,cec2013,5,10,10,45241186,-1.0000000000e+03,0.0000000000e+00,100000,max_evaluations,1.223197
atmals-gsk,cec2013,5,10,11,46241223,-1.0000000000e+03,0.0000000000e+00,100000,max_evaluations,1.154467
atmals-gsk,cec2013,5,10,12,47241260,-1.0000000000e+03,0.0000000000e+00,100000,max_evaluations,1.135314
atmals-gsk,cec2013,5,10,13,48241297,-1.0000000000e+03,0.0000000000e+00,100000,max_evaluations,1.194468
atmals-gsk,cec2013,5,10,14,49241334,-1.0000000000e+03,0.0000000000e+00,100000,max_evaluations,1.222640
atmals-gsk,cec2013,5,10,15,50241371,-1.0000000000e+03,0.0000000000e+00,100000,max_evaluations,1.199269
atmals-gsk,cec2013,5,10,16,51241408,-1.0000000000e+03,0.0000000000e+00,100000,max_evaluations,1.865000
atmals-gsk,cec2013,5,10,17,52241445,-1.0000000000e+03,0.0000000000e+00,100000,max_evaluations,1.814943
atmals-gsk,cec2013,5,10,18,53241482,-1.0000000000e+03,0.0000000000e+00,100000,max_evaluations,1.965756
atmals-gsk,cec2013,5,10,19,54241519,-1.0000000000e+03,0.0000000000e+00,100000,max_evaluations,2.408274
atmals-gsk,cec2013,5,10,20,55241556,-1.0000000000e+03,0.0000000000e+00,100000,max_evaluations,1.876105
atmals-gsk,cec2013,5,10,21,56241593,-1.0000000000e+03,0.0000000000e+00,100000,max_evaluations,1.900082
atmals-gsk,cec2013,5,10,22,57241630,-1.0000000000e+03,0.0000000000e+00,100000,max_evaluations,2.299742
atmals-gsk,cec2013,5,10,23,58241667,-1.0000000000e+03,0.0000000000e+00,100000,max_evaluations,1.949618
atmals-gsk,cec2013,5,10,24,59241704,-1.0000000000e+03,0.0000000000e+00,100000,max_evaluations,1.823632
atmals-gsk,cec2013,5,10,25,60241741,-1.0000000000e+03,0.0000000000e+00,100000,max_evaluations,1.920712
atmals-gsk,cec2013,5,10,26,61241778,-1.0000000000e+03,0.0000000000e+00,100000,max_evaluations,2.506538
atmals-gsk,cec2013,5,10,27,62241815,-1.0000000000e+03,0.0000000000e+00,100000,max_evaluations,2.112861
atmals-gsk,cec2013,5,10,28,63241852,-1.0000000000e+03,0.0000000000e+00,100000,max_evaluations,2.386515
atmals-gsk,cec2013,5,10,29,64241889,-1.0000000000e+03,0.0000000000e+00,100000,max_evaluations,2.480287
atmals-gsk,cec2013,5,10,30,65241926,-1.0000000000e+03,0.0000000000e+00,100000,max_evaluations,2.298143
atmals-gsk,cec2013,5,10,31,66241963,-1.0000000000e+03,0.0000000000e+00,100000,max_evaluations,2.059293
atmals-gsk,cec2013,5,10,32,67242000,-1.0000000000e+03,0.0000000000e+00,100000,max_evaluations,2.162182
atmals-gsk,cec2013,5,10,33,68242037,-1.0000000000e+03,0.0000000000e+00,100000,max_evaluations,2.066158
atmals-gsk,cec2013,5,10,34,69242074,-1.0000000000e+03,0.0000000000e+00,100000,max_evaluations,2.079875
atmals-gsk,cec2013,5,10,35,70242111,-1.0000000000e+03,0.0000000000e+00,100000,max_evaluations,2.061243
atmals-gsk,cec2013,5,10,36,71242148,-1.0000000000e+03,0.0000000000e+00,100000,max_evaluations,2.053298
atmals-gsk,cec2013,5,10,37,72242185,-1.0000000000e+03,0.0000000000e+00,100000,max_evaluations,2.073207
atmals-gsk,cec2013,5,10,38,73242222,-1.0000000000e+03,0.0000000000e+00,100000,max_evaluations,2.160410
atmals-gsk,cec2013,5,10,39,74242259,-1.0000000000e+03,0.0000000000e+00,100000,max_evaluations,2.550271
atmals-gsk,cec2013,5,10,40,75242296,-1.0000000000e+03,0.0000000000e+00,100000,max_evaluations,2.392633
atmals-gsk,cec2013,5,10,41,76242333,-1.0000000000e+03,0.0000000000e+00,100000,max_evaluations,2.706709
atmals-gsk,cec2013,5,10,42,77242370,-1.0000000000e+03,0.0000000000e+00,100000,max_evaluations,2.429458
atmals-gsk,cec2013,5,10,43,78242407,-1.0000000000e+03,0.0000000000e+00,100000,max_evaluations,2.247284
atmals-gsk,cec2013,5,10,44,79242444,-1.0000000000e+03,0.0000000000e+00,100000,max_evaluations,2.509526
atmals-gsk,cec2013,5,10,45,80242481,-1.0000000000e+03,0.0000000000e+00,100000,max_evaluations,2.383851
atmals-gsk,cec2013,5,10,46,81242518,-1.0000000000e+03,0.0000000000e+00,100000,max_evaluations,1.713894
atmals-gsk,cec2013,5,10,47,82242555,-1.0000000000e+03,0.0000000000e+00,100000,max_evaluations,1.710801
atmals-gsk,cec2013,5,10,48,83242592,-1.0000000000e+03,0.0000000000e+00,100000,max_evaluations,1.659740
atmals-gsk,cec2013,5,10,49,84242629,-1.0000000000e+03,0.0000000000e+00,100000,max_evaluations,1.775436
atmals-gsk,cec2013,5,10,50,85242666,-1.0000000000e+03,0.0000000000e+00,100000,max_evaluations,1.859802
atmals-gsk,cec2013,5,10,51,86242703,-1.0000000000e+03,0.0000000000e+00,100000,max_evaluations,1.847338
atmals-gsk,cec2013,6,10,1,37240886,-9.0000000000e+02,0.0000000000e+00,100000,max_evaluations,1.218542
atmals-gsk,cec2013,6,10,2,38240923,-8.9018757726e+02,9.8124227389e+00,100000,max_evaluations,1.263368
atmals-gsk,cec2013,6,10,3,39240960,-8.9018757726e+02,9.8124227389e+00,100000,max_evaluations,1.235615
atmals-gsk,cec2013,6,10,4,40240997,-9.0000000000e+02,0.0000000000e+00,100000,max_evaluations,1.267869
atmals-gsk,cec2013,6,10,5,41241034,-8.9018757726e+02,9.8124227389e+00,100000,max_evaluations,1.253418
atmals-gsk,cec2013,6,10,6,42241071,-8.9018757726e+02,9.8124227389e+00,100000,max_evaluations,1.278946
atmals-gsk,cec2013,6,10,7,43241108,-9.0000000000e+02,0.0000000000e+00,100000,max_evaluations,1.319484
atmals-gsk,cec2013,6,10,8,44241145,-8.9018757726e+02,9.8124227389e+00,100000,max_evaluations,1.284215
atmals-gsk,cec2013,6,10,9,45241182,-8.9018757726e+02,9.8124227389e+00,100000,max_evaluations,1.238843
atmals-gsk,cec2013,6,10,10,46241219,-8.9018757726e+02,9.8124227389e+00,100000,max_evaluations,1.195725
atmals-gsk,cec2013,6,10,11,47241256,-8.9018757726e+02,9.8124227389e+00,100000,max_evaluations,1.189132
atmals-gsk,cec2013,6,10,12,48241293,-9.0000000000e+02,0.0000000000e+00,100000,max_evaluations,1.282354
atmals-gsk,cec2013,6,10,13,49241330,-9.0000000000e+02,0.0000000000e+00,100000,max_evaluations,1.280624
atmals-gsk,cec2013,6,10,14,50241367,-8.9018757726e+02,9.8124227389e+00,100000,max_evaluations,1.231960
atmals-gsk,cec2013,6,10,15,51241404,-9.0000000000e+02,0.0000000000e+00,100000,max_evaluations,1.136423
atmals-gsk,cec2013,6,10,16,52241441,-9.0000000000e+02,0.0000000000e+00,100000,max_evaluations,1.892834
atmals-gsk,cec2013,6,10,17,53241478,-9.0000000000e+02,0.0000000000e+00,100000,max_evaluations,1.909941
atmals-gsk,cec2013,6,10,18,54241515,-8.9018757726e+02,9.8124227389e+00,100000,max_evaluations,1.812915
atmals-gsk,cec2013,6,10,19,55241552,-8.9018757726e+02,9.8124227389e+00,100000,max_evaluations,1.859391
atmals-gsk,cec2013,6,10,20,56241589,-8.9018757726e+02,9.8124227389e+00,100000,max_evaluations,1.839528
atmals-gsk,cec2013,6,10,21,57241626,-8.9018757726e+02,9.8124227389e+00,100000,max_evaluations,2.288522
atmals-gsk,cec2013,6,10,22,58241663,-9.0000000000e+02,0.0000000000e+00,100000,max_evaluations,2.136223
atmals-gsk,cec2013,6,10,23,59241700,-8.9018757726e+02,9.8124227389e+00,100000,max_evaluations,2.391319
atmals-gsk,cec2013,6,10,24,60241737,-8.9018757726e+02,9.8124227389e+00,100000,max_evaluations,1.942824
atmals-gsk,cec2013,6,10,25,61241774,-8.9018757726e+02,9.8124227389e+00,100000,max_evaluations,2.455072
atmals-gsk,cec2013,6,10,26,62241811,-8.9018757726e+02,9.8124227389e+00,100000,max_evaluations,2.391229
atmals-gsk,cec2013,6,10,27,63241848,-8.9018757726e+02,9.8124227389e+00,100000,max_evaluations,1.814522
atmals-gsk,cec2013,6,10,28,64241885,-8.9018757726e+02,9.8124227389e+00,100000,max_evaluations,1.910110
atmals-gsk,cec2013,6,10,29,65241922,-9.0000000000e+02,0.0000000000e+00,100000,max_evaluations,2.612778
atmals-gsk,cec2013,6,10,30,66241959,-8.9018757726e+02,9.8124227389e+00,100000,max_evaluations,2.340020
atmals-gsk,cec2013,6,10,31,67241996,-9.0000000000e+02,0.0000000000e+00,100000,max_evaluations,2.112173
atmals-gsk,cec2013,6,10,32,68242033,-8.9018757726e+02,9.8124227389e+00,100000,max_evaluations,2.127503
atmals-gsk,cec2013,6,10,33,69242070,-9.0000000000e+02,0.0000000000e+00,100000,max_evaluations,1.997871
atmals-gsk,cec2013,6,10,34,70242107,-8.9018757726e+02,9.8124227389e+00,100000,max_evaluations,2.071378
atmals-gsk,cec2013,6,10,35,71242144,-8.9018757726e+02,9.8124227389e+00,100000,max_evaluations,2.199830
atmals-gsk,cec2013,6,10,36,72242181,-9.0000000000e+02,0.0000000000e+00,100000,max_evaluations,2.148285
atmals-gsk,cec2013,6,10,37,73242218,-8.9018757726e+02,9.8124227389e+00,100000,max_evaluations,2.043476
atmals-gsk,cec2013,6,10,38,74242255,-8.9018757726e+02,9.8124227389e+00,100000,max_evaluations,2.095504
atmals-gsk,cec2013,6,10,39,75242292,-8.9018757726e+02,9.8124227389e+00,100000,max_evaluations,2.738895
atmals-gsk,cec2013,6,10,40,76242329,-9.0000000000e+02,0.0000000000e+00,100000,max_evaluations,2.361831
atmals-gsk,cec2013,6,10,41,77242366,-9.0000000000e+02,0.0000000000e+00,100000,max_evaluations,2.544437
atmals-gsk,cec2013,6,10,42,78242403,-8.9018757726e+02,9.8124227389e+00,100000,max_evaluations,2.445864
atmals-gsk,cec2013,6,10,43,79242440,-8.9018757726e+02,9.8124227389e+00,100000,max_evaluations,2.584293
atmals-gsk,cec2013,6,10,44,80242477,-8.9018757726e+02,9.8124227389e+00,100000,max_evaluations,2.572959
atmals-gsk,cec2013,6,10,45,81242514,-9.0000000000e+02,0.0000000000e+00,100000,max_evaluations,2.252594
atmals-gsk,cec2013,6,10,46,82242551,-8.9018757726e+02,9.8124227389e+00,100000,max_evaluations,1.698339
atmals-gsk,cec2013,6,10,47,83242588,-9.0000000000e+02,0.0000000000e+00,100000,max_evaluations,1.778220
atmals-gsk,cec2013,6,10,48,84242625,-8.9018757726e+02,9.8124227389e+00,100000,max_evaluations,1.868747
atmals-gsk,cec2013,6,10,49,85242662,-8.9018757726e+02,9.8124227389e+00,100000,max_evaluations,1.668512
atmals-gsk,cec2013,6,10,50,86242699,-8.9018757726e+02,9.8124227389e+00,100000,max_evaluations,1.797832
atmals-gsk,cec2013,6,10,51,87242736,-9.0000000000e+02,0.0000000000e+00,100000,max_evaluations,1.812274
atmals-gsk,cec2013,7,10,1,38240919,-7.9999995407e+02,4.5925609500e-05,100000,max_evaluations,1.354769
atmals-gsk,cec2013,7,10,2,39240956,-7.9999992236e+02,7.7643059200e-05,100000,max_evaluations,1.484476
atmals-gsk,cec2013,7,10,3,40240993,-7.9999990994e+02,9.0060819200e-05,100000,max_evaluations,1.347609
atmals-gsk,cec2013,7,10,4,41241030,-7.9999997643e+02,2.3569917600e-05,100000,max_evaluations,1.434317
atmals-gsk,cec2013,7,10,5,42241067,-7.9999984141e+02,1.5858619140e-04,100000,max_evaluations,1.354551
atmals-gsk,cec2013,7,10,6,43241104,-7.9999998216e+02,1.7842916300e-05,100000,max_evaluations,1.404188
atmals-gsk,cec2013,7,10,7,44241141,-7.9999997832e+02,2.1676072000e-05,100000,max_evaluations,1.435134
atmals-gsk,cec2013,7,10,8,45241178,-7.9999945712e+02,5.4287994830e-04,100000,max_evaluations,1.363527
atmals-gsk,cec2013,7,10,9,46241215,-7.9999922135e+02,7.7865406250e-04,100000,max_evaluations,1.403750
atmals-gsk,cec2013,7,10,10,47241252,-7.9999987894e+02,1.2106025630e-04,100000,max_evaluations,1.405934
atmals-gsk,cec2013,7,10,11,48241289,-7.9999995341e+02,4.6588615400e-05,100000,max_evaluations,1.370636
atmals-gsk,cec2013,7,10,12,49241326,-7.9999968915e+02,3.1085300320e-04,100000,max_evaluations,1.282430
atmals-gsk,cec2013,7,10,13,50241363,-7.9999992436e+02,7.5643030300e-05,100000,max_evaluations,1.344707
atmals-gsk,cec2013,7,10,14,51241400,-7.9999999430e+02,5.7032272000e-06,100000,max_evaluations,1.310759
atmals-gsk,cec2013,7,10,15,52241437,-7.9999634814e+02,3.6518603004e-03,100000,max_evaluations,1.328961
atmals-gsk,cec2013,7,10,16,53241474,-7.9999974306e+02,2.5693544070e-04,100000,max_evaluations,2.140983
atmals-gsk,cec2013,7,10,17,54241511,-7.9999962772e+02,3.7227927150e-04,100000,max_evaluations,2.232224
atmals-gsk,cec2013,7,10,18,55241548,-7.9999993428e+02,6.5716014100e-05,100000,max_evaluations,2.133584
atmals-gsk,cec2013,7,10,19,56241585,-7.9999994827e+02,5.1729250800e-05,100000,max_evaluations,2.508792
atmals-gsk,cec2013,7,10,20,57241622,-7.9999983882e+02,1.6117877600e-04,100000,max_evaluations,2.301178
atmals-gsk,cec2013,7,10,21,58241659,-7.9999967240e+02,3.2760418550e-04,100000,max_evaluations,2.136113
atmals-gsk,cec2013,7,10,22,59241696,-7.9999994538e+02,5.4621223500e-05,100000,max_evaluations,2.820235
atmals-gsk,cec2013,7,10,23,60241733,-7.9999868327e+02,1.3167269723e-03,100000,max_evaluations,2.443296
atmals-gsk,cec2013,7,10,24,61241770,-7.9999985078e+02,1.4922296010e-04,100000,max_evaluations,2.178385
atmals-gsk,cec2013,7,10,25,62241807,-7.9999994537e+02,5.4628928000e-05,100000,max_evaluations,2.581970
atmals-gsk,cec2013,7,10,26,63241844,-7.9999996395e+02,3.6053009800e-05,100000,max_evaluations,2.463174
atmals-gsk,cec2013,7,10,27,64241881,-7.9999992106e+02,7.8938714800e-05,100000,max_evaluations,2.148121
atmals-gsk,cec2013,7,10,28,65241918,-7.9999995718e+02,4.2816379200e-05,100000,max_evaluations,2.623183
atmals-gsk,cec2013,7,10,29,66241955,-7.9999963114e+02,3.6885897480e-04,100000,max_evaluations,2.783539
atmals-gsk,cec2013,7,10,30,67241992,-7.9999964148e+02,3.5852388830e-04,100000,max_evaluations,2.174449
atmals-gsk,cec2013,7,10,31,68242029,-7.9999996098e+02,3.9023906700e-05,100000,max_evaluations,2.415485
atmals-gsk,cec2013,7,10,32,69242066,-7.9999988013e+02,1.1987071200e-04,100000,max_evaluations,2.357736
atmals-gsk,cec2013,7,10,33,70242103,-7.9999994374e+02,5.6259635100e-05,100000,max_evaluations,2.457043
atmals-gsk,cec2013,7,10,34,71242140,-7.9999995392e+02,4.6077868900e-05,100000,max_evaluations,2.413744
atmals-gsk,cec2013,7,10,35,72242177,-7.9999983725e+02,1.6275401810e-04,100000,max_evaluations,2.466644
atmals-gsk,cec2013,7,10,36,73242214,-7.9999864363e+02,1.3563655768e-03,100000,max_evaluations,2.272475
atmals-gsk,cec2013,7,10,37,74242251,-7.9999887616e+02,1.1238438016e-03,100000,max_evaluations,2.198821
atmals-gsk,cec2013,7,10,38,75242288,-7.9999999350e+02,6.4962891000e-06,100000,max_evaluations,2.426469
atmals-gsk,cec2013,7,10,39,76242325,-7.9999955054e+02,4.4945741660e-04,100000,max_evaluations,2.889359
atmals-gsk,cec2013,7,10,40,77242362,-7.9999987854e+02,1.2145765520e-04,100000,max_evaluations,2.517327
atmals-gsk,cec2013,7,10,41,78242399,-7.9999987629e+02,1.2371203800e-04,100000,max_evaluations,2.615037
atmals-gsk,cec2013,7,10,42,79242436,-7.9999957445e+02,4.2555142820e-04,100000,max_evaluations,2.544669
atmals-gsk,cec2013,7,10,43,80242473,-7.9999983030e+02,1.6970153200e-04,100000,max_evaluations,2.564519
atmals-gsk,cec2013,7,10,44,81242510,-7.9999997229e+02,2.7712372500e-05,100000,max_evaluations,2.510010
atmals-gsk,cec2013,7,10,45,82242547,-7.9999964334e+02,3.5666031750e-04,100000,max_evaluations,2.641364
atmals-gsk,cec2013,7,10,46,83242584,-7.9999998848e+02,1.1516209800e-05,100000,max_evaluations,1.699833
atmals-gsk,cec2013,7,10,47,84242621,-7.9999997965e+02,2.0348080400e-05,100000,max_evaluations,1.890682
atmals-gsk,cec2013,7,10,48,85242658,-7.9999998483e+02,1.5165896100e-05,100000,max_evaluations,1.765932
atmals-gsk,cec2013,7,10,49,86242695,-7.9999990398e+02,9.6021360300e-05,100000,max_evaluations,1.944648
atmals-gsk,cec2013,7,10,50,87242732,-7.9999989116e+02,1.0884035080e-04,100000,max_evaluations,1.871966
atmals-gsk,cec2013,7,10,51,88242769,-7.9999996990e+02,3.0098080900e-05,100000,max_evaluations,1.954352
atmals-gsk,cec2013,8,10,1,39240952,-6.7957596353e+02,2.0424036467e+01,100000,max_evaluations,1.660619
atmals-gsk,cec2013,8,10,2,40240989,-6.7962292574e+02,2.0377074262e+01,100000,max_evaluations,1.676932
atmals-gsk,cec2013,8,10,3,41241026,-6.7958984250e+02,2.0410157503e+01,100000,max_evaluations,1.865760
atmals-gsk,cec2013,8,10,4,42241063,-6.7959467141e+02,2.0405328595e+01,100000,max_evaluations,1.779447
atmals-gsk,cec2013,8,10,5,43241100,-6.7977472244e+02,2.0225277557e+01,100000,max_evaluations,1.818390
atmals-gsk,cec2013,8,10,6,44241137,-6.7960726793e+02,2.0392732074e+01,100000,max_evaluations,1.979677
atmals-gsk,cec2013,8,10,7,45241174,-6.7957895627e+02,2.0421043728e+01,100000,max_evaluations,2.025152
atmals-gsk,cec2013,8,10,8,46241211,-6.7959021415e+02,2.0409785855e+01,100000,max_evaluations,1.843382
atmals-gsk,cec2013,8,10,9,47241248,-6.7958545962e+02,2.0414540381e+01,100000,max_evaluations,1.851484
atmals-gsk,cec2013,8,10,10,48241285,-6.7960931234e+02,2.0390687658e+01,100000,max_evaluations,1.791828
atmals-gsk,cec2013,8,10,11,49241322,-6.7972548332e+02,2.0274516678e+01,100000,max_evaluations,1.770637
atmals-gsk,cec2013,8,10,12,50241359,-6.7967288546e+02,2.0327114536e+01,100000,max_evaluations,1.563562
atmals-gsk,cec2013,8,10,13,51241396,-6.7973939003e+02,2.0260609969e+01,100000,max_evaluations,1.661372
atmals-gsk,cec2013,8,10,14,52241433,-6.7965839183e+02,2.0341608168e+01,100000,max_evaluations,1.687908
atmals-gsk,cec2013,8,10,15,53241470,-6.7958427399e+02,2.0415726010e+01,100000,max_evaluations,1.593607
atmals-gsk,cec2013,8,10,16,54241507,-6.7958805716e+02,2.0411942835e+01,100000,max_evaluations,2.233631
atmals-gsk,cec2013,8,10,17,55241544,-6.7966946582e+02,2.0330534176e+01,100000,max_evaluations,2.367622
atmals-gsk,cec2013,8,10,18,56241581,-6.7964428944e+02,2.0355710559e+01,100000,max_evaluations,2.285421
atmals-gsk,cec2013,8,10,19,57241618,-6.7966653715e+02,2.0333462849e+01,100000,max_evaluations,2.294242
atmals-gsk,cec2013,8,10,20,58241655,-6.7967264926e+02,2.0327350737e+01,100000,max_evaluations,2.446197
atmals-gsk,cec2013,8,10,21,59241692,-6.7967769791e+02,2.0322302091e+01,100000,max_evaluations,2.214576
atmals-gsk,cec2013,8,10,22,60241729,-6.7961236027e+02,2.0387639731e+01,100000,max_evaluations,2.378486
atmals-gsk,cec2013,8,10,23,61241766,-6.7956551068e+02,2.0434489323e+01,100000,max_evaluations,2.762757
atmals-gsk,cec2013,8,10,24,62241803,-6.7959449787e+02,2.0405502127e+01,100000,max_evaluations,2.222516
atmals-gsk,cec2013,8,10,25,63241840,-6.7966160996e+02,2.0338390044e+01,100000,max_evaluations,3.002156
atmals-gsk,cec2013,8,10,26,64241877,-6.7964510328e+02,2.0354896722e+01,100000,max_evaluations,2.495501
atmals-gsk,cec2013,8,10,27,65241914,-6.7966071921e+02,2.0339280785e+01,100000,max_evaluations,2.644797
atmals-gsk,cec2013,8,10,28,66241951,-6.7961993383e+02,2.0380066171e+01,100000,max_evaluations,2.725262
atmals-gsk,cec2013,8,10,29,67241988,-6.7964229413e+02,2.0357705868e+01,100000,max_evaluations,3.067984
atmals-gsk,cec2013,8,10,30,68242025,-6.7964170692e+02,2.0358293082e+01,100000,max_evaluations,2.829262
atmals-gsk,cec2013,8,10,31,69242062,-6.7975901575e+02,2.0240984253e+01,100000,max_evaluations,2.347741
atmals-gsk,cec2013,8,10,32,70242099,-6.7966445580e+02,2.0335544198e+01,100000,max_evaluations,2.379018
atmals-gsk,cec2013,8,10,33,71242136,-6.7961664671e+02,2.0383353292e+01,100000,max_evaluations,2.537845
atmals-gsk,cec2013,8,10,34,72242173,-6.7957250485e+02,2.0427495149e+01,100000,max_evaluations,2.433742
atmals-gsk,cec2013,8,10,35,73242210,-6.7963683843e+02,2.0363161572e+01,100000,max_evaluations,2.588871
atmals-gsk,cec2013,8,10,36,74242247,-6.7968580613e+02,2.0314193874e+01,100000,max_evaluations,2.408013
atmals-gsk,cec2013,8,10,37,75242284,-6.7964643265e+02,2.0353567348e+01,100000,max_evaluations,2.470088
atmals-gsk,cec2013,8,10,38,76242321,-6.7973313660e+02,2.0266863399e+01,100000,max_evaluations,2.296929
atmals-gsk,cec2013,8,10,39,77242358,-6.7968507667e+02,2.0314923332e+01,100000,max_evaluations,2.788930
atmals-gsk,cec2013,8,10,40,78242395,-6.7964088989e+02,2.0359110105e+01,100000,max_evaluations,2.920596
atmals-gsk,cec2013,8,10,41,79242432,-6.7961281311e+02,2.0387186893e+01,100000,max_evaluations,2.500974
atmals-gsk,cec2013,8,10,42,80242469,-6.7965124539e+02,2.0348754606e+01,100000,max_evaluations,2.925189
atmals-gsk,cec2013,8,10,43,81242506,-6.7960956777e+02,2.0390432233e+01,100000,max_evaluations,2.750595
atmals-gsk,cec2013,8,10,44,82242543,-6.7967858570e+02,2.0321414305e+01,100000,max_evaluations,2.585572
atmals-gsk,cec2013,8,10,45,83242580,-6.7970955296e+02,2.0290447039e+01,100000,max_evaluations,2.549189
atmals-gsk,cec2013,8,10,46,84242617,-6.7966142193e+02,2.0338578066e+01,100000,max_evaluations,2.136893
atmals-gsk,cec2013,8,10,47,85242654,-6.7958319440e+02,2.0416805601e+01,100000,max_evaluations,1.958707
atmals-gsk,cec2013,8,10,48,86242691,-6.7965465749e+02,2.0345342505e+01,100000,max_evaluations,2.062042
atmals-gsk,cec2013,8,10,49,87242728,-6.7965767013e+02,2.0342329873e+01,100000,max_evaluations,2.015231
atmals-gsk,cec2013,8,10,50,88242765,-6.7959033685e+02,2.0409663151e+01,100000,max_evaluations,2.013012
atmals-gsk,cec2013,8,10,51,89242802,-6.7966398461e+02,2.0336015385e+01,100000,max_evaluations,1.741929
atmals-gsk,cec2013,9,10,1,40240985,-5.9387740269e+02,6.1225973066e+00,100000,max_evaluations,2.115808
atmals-gsk,cec2013,9,10,2,41241022,-5.9877584213e+02,1.2241578687e+00,100000,max_evaluations,1.910608
atmals-gsk,cec2013,9,10,3,42241059,-5.9576192067e+02,4.2380793292e+00,100000,max_evaluations,2.447945
atmals-gsk,cec2013,9,10,4,43241096,-5.9656590107e+02,3.4340989287e+00,100000,max_evaluations,2.335721
atmals-gsk,cec2013,9,10,5,44241133,-5.9427835725e+02,5.7216427544e+00,100000,max_evaluations,2.281999
atmals-gsk,cec2013,9,10,6,45241170,-5.9482042330e+02,5.1795766984e+00,100000,max_evaluations,2.373844
atmals-gsk,cec2013,9,10,7,46241207,-5.9522599968e+02,4.7740003166e+00,100000,max_evaluations,2.335159
atmals-gsk,cec2013,9,10,8,47241244,-5.9463824129e+02,5.3617587060e+00,100000,max_evaluations,2.298905
atmals-gsk,cec2013,9,10,9,48241281,-5.9411477196e+02,5.8852280435e+00,100000,max_evaluations,2.261171
atmals-gsk,cec2013,9,10,10,49241318,-5.9411828226e+02,5.8817177445e+00,100000,max_evaluations,2.107633
atmals-gsk,cec2013,9,10,11,50241355,-5.9584026406e+02,4.1597359418e+00,100000,max_evaluations,2.054212
atmals-gsk,cec2013,9,10,12,51241392,-5.9612169533e+02,3.8783046711e+00,100000,max_evaluations,2.088169
atmals-gsk,cec2013,9,10,13,52241429,-5.9852582437e+02,1.4741756328e+00,100000,max_evaluations,2.026230
atmals-gsk,cec2013,9,10,14,53241466,-5.9381164043e+02,6.1883595708e+00,100000,max_evaluations,1.942432
atmals-gsk,cec2013,9,10,15,54241503,-5.9733405203e+02,2.6659479654e+00,100000,max_evaluations,2.039487
atmals-gsk,cec2013,9,10,16,55241540,-5.9417177869e+02,5.8282213109e+00,100000,max_evaluations,2.920539
atmals-gsk,cec2013,9,10,17,56241577,-5.9508164493e+02,4.9183550679e+00,100000,max_evaluations,3.211235
atmals-gsk,cec2013,9,10,18,57241614,-5.9382783369e+02,6.1721663091e+00,100000,max_evaluations,3.040335
atmals-gsk,cec2013,9,10,19,58241651,-5.9444499312e+02,5.5550068755e+00,100000,max_evaluations,3.063324
atmals-gsk,cec2013,9,10,20,59241688,-5.9546956816e+02,4.5304318418e+00,100000,max_evaluations,3.100073
atmals-gsk,cec2013,9,10,21,60241725,-5.9382148860e+02,6.1785114021e+00,100000,max_evaluations,2.992055
atmals-gsk,cec2013,9,10,22,61241762,-5.9598567196e+02,4.0143280436e+00,100000,max_evaluations,3.158675
atmals-gsk,cec2013,9,10,23,62241799,-5.9653496618e+02,3.4650338213e+00,100000,max_evaluations,3.250677
atmals-gsk,cec2013,9,10,24,63241836,-5.9608337095e+02,3.9166290521e+00,100000,max_evaluations,3.664638
atmals-gsk,cec2013,9,10,25,64241873,-5.9533769654e+02,4.6623034621e+00,100000,max_evaluations,3.900386
atmals-gsk,cec2013,9,10,26,65241910,-5.9466178470e+02,5.3382152965e+00,100000,max_evaluations,3.861079
atmals-gsk,cec2013,9,10,27,66241947,-5.9673730860e+02,3.2626914032e+00,100000,max_evaluations,3.553785
atmals-gsk,cec2013,9,10,28,67241984,-5.9437270258e+02,5.6272974189e+00,100000,max_evaluations,3.826233
atmals-gsk,cec2013,9,10,29,68242021,-5.9420265333e+02,5.7973466681e+00,100000,max_evaluations,3.771432
atmals-gsk,cec2013,9,10,30,69242058,-5.9451422102e+02,5.4857789829e+00,100000,max_evaluations,3.369480
atmals-gsk,cec2013,9,10,31,70242095,-5.9562264573e+02,4.3773542699e+00,100000,max_evaluations,3.132615
atmals-gsk,cec2013,9,10,32,71242132,-5.9505913195e+02,4.9408680521e+00,100000,max_evaluations,3.028956
atmals-gsk,cec2013,9,10,33,72242169,-5.9484656039e+02,5.1534396109e+00,100000,max_evaluations,2.970723
atmals-gsk,cec2013,9,10,34,73242206,-5.9835710408e+02,1.6428959247e+00,100000,max_evaluations,2.903873
atmals-gsk,cec2013,9,10,35,74242243,-5.9983453474e+02,1.6546525652e-01,100000,max_evaluations,2.970778
atmals-gsk,cec2013,9,10,36,75242280,-5.9530073787e+02,4.6992621295e+00,100000,max_evaluations,3.079171
atmals-gsk,cec2013,9,10,37,76242317,-5.9394484763e+02,6.0551523655e+00,100000,max_evaluations,3.074306
atmals-gsk,cec2013,9,10,38,77242354,-5.9529857483e+02,4.7014251722e+00,100000,max_evaluations,2.844215
atmals-gsk,cec2013,9,10,39,78242391,-5.9299859769e+02,7.0014023060e+00,100000,max_evaluations,3.634661
atmals-gsk,cec2013,9,10,40,79242428,-5.9480255391e+02,5.1974460898e+00,100000,max_evaluations,3.306620
atmals-gsk,cec2013,9,10,41,80242465,-5.9324728425e+02,6.7527157493e+00,100000,max_evaluations,3.532097
atmals-gsk,cec2013,9,10,42,81242502,-5.9618545778e+02,3.8145422218e+00,100000,max_evaluations,3.476249
atmals-gsk,cec2013,9,10,43,82242539,-5.9704076922e+02,2.9592307777e+00,100000,max_evaluations,3.069564
atmals-gsk,cec2013,9,10,44,83242576,-5.9448986610e+02,5.5101339017e+00,100000,max_evaluations,3.411892
atmals-gsk,cec2013,9,10,45,84242613,-5.9578333140e+02,4.2166686027e+00,100000,max_evaluations,3.342469
atmals-gsk,cec2013,9,10,46,85242650,-5.9538638549e+02,4.6136145124e+00,100000,max_evaluations,2.579147
atmals-gsk,cec2013,9,10,47,86242687,-5.9922505304e+02,7.7494696064e-01,100000,max_evaluations,2.555550
atmals-gsk,cec2013,9,10,48,87242724,-5.9481071589e+02,5.1892841063e+00,100000,max_evaluations,2.512949
atmals-gsk,cec2013,9,10,49,88242761,-5.9608830030e+02,3.9116996996e+00,100000,max_evaluations,2.559615
atmals-gsk,cec2013,9,10,50,89242798,-5.9450370713e+02,5.4962928683e+00,100000,max_evaluations,2.607476
atmals-gsk,cec2013,9,10,51,90242835,-5.9548924841e+02,4.5107515904e+00,100000,max_evaluations,2.684529
atmals-gsk,cec2013,10,10,1,41241018,-4.9982426822e+02,1.7573178422e-01,100000,max_evaluations,2.387039
atmals-gsk,cec2013,10,10,2,42241055,-4.9975907210e+02,2.4092789567e-01,100000,max_evaluations,2.351804
atmals-gsk,cec2013,10,10,3,43241092,-4.9973768023e+02,2.6231976982e-01,100000,max_evaluations,2.363908
atmals-gsk,cec2013,10,10,4,44241129,-4.9974643546e+02,2.5356453781e-01,100000,max_evaluations,2.678612
atmals-gsk,cec2013,10,10,5,45241166,-4.9985948791e+02,1.4051209052e-01,100000,max_evaluations,2.482996
atmals-gsk,cec2013,10,10,6,46241203,-4.9992729024e+02,7.2709756432e-02,100000,max_evaluations,2.505064
atmals-gsk,cec2013,10,10,7,47241240,-4.9989487315e+02,1.0512685071e-01,100000,max_evaluations,2.732785
atmals-gsk,cec2013,10,10,8,48241277,-4.9974861296e+02,2.5138703506e-01,100000,max_evaluations,2.584737
atmals-gsk,cec2013,10,10,9,49241314,-4.9978540514e+02,2.1459485718e-01,100000,max_evaluations,2.616346
atmals-gsk,cec2013,10,10,10,50241351,-4.9991645713e+02,8.3542866708e-02,100000,max_evaluations,2.343038
atmals-gsk,cec2013,10,10,11,51241388,-4.9989768134e+02,1.0231865965e-01,100000,max_evaluations,2.477982
atmals-gsk,cec2013,10,10,12,52241425,-4.9972668519e+02,2.7331480984e-01,100000,max_evaluations,2.320116
atmals-gsk,cec2013,10,10,13,53241462,-4.9983211502e+02,1.6788497782e-01,100000,max_evaluations,2.402372
atmals-gsk,cec2013,10,10,14,54241499,-4.9968883408e+02,3.1116592210e-01,100000,max_evaluations,2.336539
atmals-gsk,cec2013,10,10,15,55241536,-4.9978614385e+02,2.1385615170e-01,100000,max_evaluations,2.305278
atmals-gsk,cec2013,10,10,16,56241573,-4.9990771448e+02,9.2285519807e-02,100000,max_evaluations,2.414262
atmals-gsk,cec2013,10,10,17,57241610,-4.9968492250e+02,3.1507750217e-01,100000,max_evaluations,2.551112
atmals-gsk,cec2013,10,10,18,58241647,-4.9966327088e+02,3.3672912392e-01,100000,max_evaluations,2.362326
atmals-gsk,cec2013,10,10,19,59241684,-4.9986942447e+02,1.3057552783e-01,100000,max_evaluations,2.660537
atmals-gsk,cec2013,10,10,20,60241721,-4.9978242465e+02,2.1757534753e-01,100000,max_evaluations,2.461902
atmals-gsk,cec2013,10,10,21,61241758,-4.9985250353e+02,1.4749647460e-01,100000,max_evaluations,2.937232
atmals-gsk,cec2013,10,10,22,62241795,-4.9972703855e+02,2.7296145259e-01,100000,max_evaluations,2.589207
atmals-gsk,cec2013,10,10,23,63241832,-4.9981583987e+02,1.8416012849e-01,100000,max_evaluations,2.552974
atmals-gsk,cec2013,10,10,24,64241869,-4.9978453459e+02,2.1546540898e-01,100000,max_evaluations,2.478869
atmals-gsk,cec2013,10,10,25,65241906,-4.9983565524e+02,1.6434476400e-01,100000,max_evaluations,2.606609
atmals-gsk,cec2013,10,10,26,66241943,-4.9976347884e+02,2.3652116398e-01,100000,max_evaluations,2.716305
atmals-gsk,cec2013,10,10,27,67241980,-4.9992334753e+02,7.6652467168e-02,100000,max_evaluations,2.993329
atmals-gsk,cec2013,10,10,28,68242017,-4.9984205313e+02,1.5794686579e-01,100000,max_evaluations,2.879042
atmals-gsk,cec2013,10,10,29,69242054,-4.9984228203e+02,1.5771796914e-01,100000,max_evaluations,2.908452
atmals-gsk,cec2013,10,10,30,70242091,-4.9982135457e+02,1.7864543017e-01,100000,max_evaluations,2.871967
atmals-gsk,cec2013,10,10,31,71242128,-4.9985278262e+02,1.4721738307e-01,100000,max_evaluations,2.148723
atmals-gsk,cec2013,10,10,32,72242165,-4.9985550286e+02,1.4449713899e-01,100000,max_evaluations,2.317057
atmals-gsk,cec2013,10,10,33,73242202,-4.9974660273e+02,2.5339727354e-01,100000,max_evaluations,2.228145
atmals-gsk,cec2013,10,10,34,74242239,-4.9968832926e+02,3.1167073987e-01,100000,max_evaluations,2.389597
atmals-gsk,cec2013,10,10,35,75242276,-4.9977216133e+02,2.2783866617e-01,100000,max_evaluations,2.299854
atmals-gsk,cec2013,10,10,36,76242313,-4.9965929477e+02,3.4070523320e-01,100000,max_evaluations,2.485563
atmals-gsk,cec2013,10,10,37,77242350,-4.9990015698e+02,9.9843017113e-02,100000,max_evaluations,2.324432
atmals-gsk,cec2013,10,10,38,78242387,-4.9981852542e+02,1.8147458210e-01,100000,max_evaluations,2.174956
atmals-gsk,cec2013,10,10,39,79242424,-4.9964149250e+02,3.5850749573e-01,100000,max_evaluations,2.642541
atmals-gsk,cec2013,10,10,40,80242461,-4.9989163151e+02,1.0836848585e-01,100000,max_evaluations,2.370564
atmals-gsk,cec2013,10,10,41,81242498,-4.9981136029e+02,1.8863970917e-01,100000,max_evaluations,2.613206
atmals-gsk,cec2013,10,10,42,82242535,-4.9991025715e+02,8.9742847278e-02,100000,max_evaluations,2.592341
atmals-gsk,cec2013,10,10,43,83242572,-4.9977963514e+02,2.2036485624e-01,100000,max_evaluations,2.312395
atmals-gsk,cec2013,10,10,44,84242609,-4.9964873029e+02,3.5126971458e-01,100000,max_evaluations,2.578810
atmals-gsk,cec2013,10,10,45,85242646,-4.9980951193e+02,1.9048806985e-01,100000,max_evaluations,2.546981
atmals-gsk,cec2013,10,10,46,86242683,-4.9975385982e+02,2.4614017569e-01,100000,max_evaluations,1.817971
atmals-gsk,cec2013,10,10,47,87242720,-4.9972984760e+02,2.7015240466e-01,100000,max_evaluations,1.859238
atmals-gsk,cec2013,10,10,48,88242757,-4.9984611712e+02,1.5388288331e-01,100000,max_evaluations,1.854666
atmals-gsk,cec2013,10,10,49,89242794,-4.9984333407e+02,1.5666592901e-01,100000,max_evaluations,1.715422
atmals-gsk,cec2013,10,10,50,90242831,-4.9986144788e+02,1.3855212464e-01,100000,max_evaluations,1.870810
atmals-gsk,cec2013,10,10,51,91242868,-4.9993439751e+02,6.5602489427e-02,100000,max_evaluations,1.758107
atmals-gsk,cec2013,11,10,1,42241051,-3.9993506154e+02,6.4938460334e-02,100000,max_evaluations,2.401912
atmals-gsk,cec2013,11,10,2,43241088,-3.9898236402e+02,1.0176359804e+00,100000,max_evaluations,2.320392
atmals-gsk,cec2013,11,10,3,44241125,-3.9992175215e+02,7.8247845502e-02,100000,max_evaluations,2.590877
atmals-gsk,cec2013,11,10,4,45241162,-3.9995362643e+02,4.6373566755e-02,100000,max_evaluations,2.602717
atmals-gsk,cec2013,11,10,5,46241199,-3.9998823587e+02,1.1764131421e-02,100000,max_evaluations,2.915250
atmals-gsk,cec2013,11,10,6,47241236,-3.9993022630e+02,6.9773699089e-02,100000,max_evaluations,2.560716
atmals-gsk,cec2013,11,10,7,48241273,-3.9996182576e+02,3.8174237222e-02,100000,max_evaluations,2.591424
atmals-gsk,cec2013,11,10,8,49241310,-3.9998707257e+02,1.2927425626e-02,100000,max_evaluations,2.720980
atmals-gsk,cec2013,11,10,9,50241347,-3.9996271514e+02,3.7284860182e-02,100000,max_evaluations,2.745735
atmals-gsk,cec2013,11,10,10,51241384,-3.9995695497e+02,4.3045034308e-02,100000,max_evaluations,2.483125
atmals-gsk,cec2013,11,10,11,52241421,-3.9995695500e+02,4.3045004330e-02,100000,max_evaluations,2.317361
atmals-gsk,cec2013,11,10,12,53241458,-3.9987813408e+02,1.2186592488e-01,100000,max_evaluations,2.401835
atmals-gsk,cec2013,11,10,13,54241495,-3.9994977006e+02,5.0229942879e-02,100000,max_evaluations,2.225888
atmals-gsk,cec2013,11,10,14,55241532,-3.9998663479e+02,1.3365212119e-02,100000,max_evaluations,2.419231
atmals-gsk,cec2013,11,10,15,56241569,-3.9996926066e+02,3.0739337509e-02,100000,max_evaluations,2.412769
atmals-gsk,cec2013,11,10,16,57241606,-3.9997971073e+02,2.0289265007e-02,100000,max_evaluations,2.535258
atmals-gsk,cec2013,11,10,17,58241643,-3.9996811625e+02,3.1883749461e-02,100000,max_evaluations,2.614974
atmals-gsk,cec2013,11,10,18,59241680,-3.9998410337e+02,1.5896628267e-02,100000,max_evaluations,2.485633
atmals-gsk,cec2013,11,10,19,60241717,-3.9997351461e+02,2.6485387911e-02,100000,max_evaluations,2.417805
atmals-gsk,cec2013,11,10,20,61241754,-3.9997639240e+02,2.3607602131e-02,100000,max_evaluations,2.505971
atmals-gsk,cec2013,11,10,21,62241791,-3.9994132315e+02,5.8676852919e-02,100000,max_evaluations,2.569582
atmals-gsk,cec2013,11,10,22,63241828,-3.9994526729e+02,5.4732706765e-02,100000,max_evaluations,2.400492
atmals-gsk,cec2013,11,10,23,64241865,-3.9991012750e+02,8.9872497202e-02,100000,max_evaluations,2.612111
atmals-gsk,cec2013,11,10,24,65241902,-3.9998224911e+02,1.7750890796e-02,100000,max_evaluations,2.719868
atmals-gsk,cec2013,11,10,25,66241939,-3.9997101648e+02,2.8983517175e-02,100000,max_evaluations,2.962690
atmals-gsk,cec2013,11,10,26,67241976,-3.9990246193e+02,9.7538067652e-02,100000,max_evaluations,2.848218
atmals-gsk,cec2013,11,10,27,68242013,-3.9998265571e+02,1.7344287160e-02,100000,max_evaluations,2.812168
atmals-gsk,cec2013,11,10,28,69242050,-3.9998630367e+02,1.3696333754e-02,100000,max_evaluations,2.669609
atmals-gsk,cec2013,11,10,29,70242087,-3.9999231440e+02,7.6855953888e-03,100000,max_evaluations,2.739490
atmals-gsk,cec2013,11,10,30,71242124,-3.9998558275e+02,1.4417250761e-02,100000,max_evaluations,2.731865
atmals-gsk,cec2013,11,10,31,72242161,-3.9991784222e+02,8.2157775333e-02,100000,max_evaluations,2.267874
atmals-gsk,cec2013,11,10,32,73242198,-3.9899777396e+02,1.0022260400e+00,100000,max_evaluations,2.391444
atmals-gsk,cec2013,11,10,33,74242235,-3.9998172446e+02,1.8275543817e-02,100000,max_evaluations,2.326244
atmals-gsk,cec2013,11,10,34,75242272,-3.9996523240e+02,3.4767602336e-02,100000,max_evaluations,2.494113
atmals-gsk,cec2013,11,10,35,76242309,-3.9997417389e+02,2.5826113228e-02,100000,max_evaluations,2.155634
atmals-gsk,cec2013,11,10,36,77242346,-3.9997895550e+02,2.1044501555e-02,100000,max_evaluations,2.367692
atmals-gsk,cec2013,11,10,37,78242383,-3.9995983120e+02,4.0168803564e-02,100000,max_evaluations,2.205801
atmals-gsk,cec2013,11,10,38,79242420,-3.9994895791e+02,5.1042089284e-02,100000,max_evaluations,2.181996
atmals-gsk,cec2013,11,10,39,80242457,-3.9999311434e+02,6.8856647142e-03,100000,max_evaluations,2.874852
atmals-gsk,cec2013,11,10,40,81242494,-3.9991472184e+02,8.5278158915e-02,100000,max_evaluations,2.189291
atmals-gsk,cec2013,11,10,41,82242531,-3.9994583942e+02,5.4160579614e-02,100000,max_evaluations,2.554030
atmals-gsk,cec2013,11,10,42,83242568,-3.9996935229e+02,3.0647713806e-02,100000,max_evaluations,2.723726
atmals-gsk,cec2013,11,10,43,84242605,-3.9998493414e+02,1.5065864228e-02,100000,max_evaluations,2.680772
atmals-gsk,cec2013,11,10,44,85242642,-3.9992016852e+02,7.9831476198e-02,100000,max_evaluations,2.651480
atmals-gsk,cec2013,11,10,45,86242679,-3.9998645872e+02,1.3541279495e-02,100000,max_evaluations,2.652086
atmals-gsk,cec2013,11,10,46,87242716,-3.9897670137e+02,1.0232986334e+00,100000,max_evaluations,2.136753
atmals-gsk,cec2013,11,10,47,88242753,-3.9998458860e+02,1.5411403245e-02,100000,max_evaluations,2.050840
atmals-gsk,cec2013,11,10,48,89242790,-3.9997807301e+02,2.1926988144e-02,100000,max_evaluations,2.094156
atmals-gsk,cec2013,11,10,49,90242827,-3.9997758516e+02,2.2414844758e-02,100000,max_evaluations,1.780510
atmals-gsk,cec2013,11,10,50,91242864,-3.9996981850e+02,3.0181501246e-02,100000,max_evaluations,1.991351
atmals-gsk,cec2013,11,10,51,92242901,-3.9996332642e+02,3.6673578019e-02,100000,max_evaluations,1.939101
atmals-gsk,cec2013,12,10,1,43241084,-2.8689584655e+02,1.3104153453e+01,100000,max_evaluations,1.519767
atmals-gsk,cec2013,12,10,2,44241121,-2.8788466720e+02,1.2115332803e+01,100000,max_evaluations,1.446407
atmals-gsk,cec2013,12,10,3,45241158,-2.9194820099e+02,8.0517990064e+00,100000,max_evaluations,1.630314
atmals-gsk,cec2013,12,10,4,46241195,-2.8975491687e+02,1.0245083131e+01,100000,max_evaluations,1.565036
atmals-gsk,cec2013,12,10,5,47241232,-2.8699418979e+02,1.3005810214e+01,100000,max_evaluations,1.692999
atmals-gsk,cec2013,12,10,6,48241269,-2.8395824763e+02,1.6041752370e+01,100000,max_evaluations,1.628511
atmals-gsk,cec2013,12,10,7,49241306,-2.9494752811e+02,5.0524718861e+00,100000,max_evaluations,1.667022
atmals-gsk,cec2013,12,10,8,50241343,-2.9283667323e+02,7.1633267709e+00,100000,max_evaluations,1.543031
atmals-gsk,cec2013,12,10,9,51241380,-2.8603678123e+02,1.3963218768e+01,100000,max_evaluations,1.679754
atmals-gsk,cec2013,12,10,10,52241417,-2.9296063966e+02,7.0393603387e+00,100000,max_evaluations,1.511691
atmals-gsk,cec2013,12,10,11,53241454,-2.8994571723e+02,1.0054282767e+01,100000,max_evaluations,1.605237
atmals-gsk,cec2013,12,10,12,54241491,-2.9869450419e+02,1.3054958084e+00,100000,max_evaluations,1.505538
atmals-gsk,cec2013,12,10,13,55241528,-2.8398408530e+02,1.6015914704e+01,100000,max_evaluations,1.576628
atmals-gsk,cec2013,12,10,14,56241565,-2.9528175717e+02,4.7182428341e+00,100000,max_evaluations,1.509714
atmals-gsk,cec2013,12,10,15,57241602,-2.9387942587e+02,6.1205741269e+00,100000,max_evaluations,1.475882
atmals-gsk,cec2013,12,10,16,58241639,-2.8999757460e+02,1.0002425399e+01,100000,max_evaluations,2.380918
atmals-gsk,cec2013,12,10,17,59241676,-2.8778643371e+02,1.2213566285e+01,100000,max_evaluations,2.179451
atmals-gsk,cec2013,12,10,18,60241713,-2.8593314016e+02,1.4066859843e+01,100000,max_evaluations,2.190933
atmals-gsk,cec2013,12,10,19,61241750,-2.8602984371e+02,1.3970156292e+01,100000,max_evaluations,2.271575
atmals-gsk,cec2013,12,10,20,62241787,-2.9279539222e+02,7.2046077766e+00,100000,max_evaluations,2.200645
atmals-gsk,cec2013,12,10,21,63241824,-2.9572995531e+02,4.2700446898e+00,100000,max_evaluations,2.229106
atmals-gsk,cec2013,12,10,22,64241861,-2.8802280865e+02,1.1977191350e+01,100000,max_evaluations,2.595246
atmals-gsk,cec2013,12,10,23,65241898,-2.9193223101e+02,8.0677689946e+00,100000,max_evaluations,2.698325
atmals-gsk,cec2013,12,10,24,66241935,-2.8596236368e+02,1.4037636318e+01,100000,max_evaluations,2.318106
atmals-gsk,cec2013,12,10,25,67241972,-2.9083311817e+02,9.1668818282e+00,100000,max_evaluations,2.153433
atmals-gsk,cec2013,12,10,26,68242009,-2.9395903337e+02,6.0409666294e+00,100000,max_evaluations,2.652156
atmals-gsk,cec2013,12,10,27,69242046,-2.9577412751e+02,4.2258724886e+00,100000,max_evaluations,2.686709
atmals-gsk,cec2013,12,10,28,70242083,-2.8698794340e+02,1.3012056605e+01,100000,max_evaluations,2.845958
atmals-gsk,cec2013,12,10,29,71242120,-2.8617508795e+02,1.3824912055e+01,100000,max_evaluations,2.814016
atmals-gsk,cec2013,12,10,30,72242157,-2.8691516346e+02,1.3084836542e+01,100000,max_evaluations,2.523510
atmals-gsk,cec2013,12,10,31,73242194,-2.8415527028e+02,1.5844729723e+01,100000,max_evaluations,2.273650
atmals-gsk,cec2013,12,10,32,74242231,-2.7997422113e+02,2.0025778866e+01,100000,max_evaluations,2.338913
atmals-gsk,cec2013,12,10,33,75242268,-2.9392694473e+02,6.0730552714e+00,100000,max_evaluations,2.276622
atmals-gsk,cec2013,12,10,34,76242305,-2.9292874036e+02,7.0712596449e+00,100000,max_evaluations,2.261768
atmals-gsk,cec2013,12,10,35,77242342,-2.9188251577e+02,8.1174842265e+00,100000,max_evaluations,2.224111
atmals-gsk,cec2013,12,10,36,78242379,-2.8799048205e+02,1.2009517954e+01,100000,max_evaluations,2.321661
atmals-gsk,cec2013,12,10,37,79242416,-2.9385831002e+02,6.1416899849e+00,100000,max_evaluations,2.269402
atmals-gsk,cec2013,12,10,38,80242453,-2.8288670677e+02,1.7113293227e+01,100000,max_evaluations,2.376326
atmals-gsk,cec2013,12,10,39,81242490,-2.9392837820e+02,6.0716218042e+00,100000,max_evaluations,2.607569
atmals-gsk,cec2013,12,10,40,82242527,-2.9271485726e+02,7.2851427353e+00,100000,max_evaluations,2.646274
atmals-gsk,cec2013,12,10,41,83242564,-2.9491796755e+02,5.0820324481e+00,100000,max_evaluations,2.581244
atmals-gsk,cec2013,12,10,42,84242601,-2.9576511291e+02,4.2348870907e+00,100000,max_evaluations,2.426480
atmals-gsk,cec2013,12,10,43,85242638,-2.9293223340e+02,7.0677666036e+00,100000,max_evaluations,2.702792
atmals-gsk,cec2013,12,10,44,86242675,-2.9286091157e+02,7.1390884321e+00,100000,max_evaluations,2.618873
atmals-gsk,cec2013,12,10,45,87242712,-2.9367698990e+02,6.3230101022e+00,100000,max_evaluations,2.516943
atmals-gsk,cec2013,12,10,46,88242749,-2.8401831750e+02,1.5981682497e+01,100000,max_evaluations,1.874573
atmals-gsk,cec2013,12,10,47,89242786,-2.9787970933e+02,2.1202906653e+00,100000,max_evaluations,1.871562
atmals-gsk,cec2013,12,10,48,90242823,-2.9094853856e+02,9.0514614402e+00,100000,max_evaluations,1.847679
atmals-gsk,cec2013,12,10,49,91242860,-2.9287001974e+02,7.1299802602e+00,100000,max_evaluations,1.795548
atmals-gsk,cec2013,12,10,50,92242897,-2.8901562731e+02,1.0984372688e+01,100000,max_evaluations,1.791890
atmals-gsk,cec2013,12,10,51,93242934,-2.8362488476e+02,1.6375115239e+01,100000,max_evaluations,1.757346
atmals-gsk,cec2013,13,10,1,44241117,-1.9460325965e+02,5.3967403516e+00,100000,max_evaluations,1.205608
atmals-gsk,cec2013,13,10,2,45241154,-1.7542658247e+02,2.4573417528e+01,100000,max_evaluations,1.336687
atmals-gsk,cec2013,13,10,3,46241191,-1.9571186348e+02,4.2881365198e+00,100000,max_evaluations,1.287943
atmals-gsk,cec2013,13,10,4,47241228,-1.7931419804e+02,2.0685801958e+01,100000,max_evaluations,1.336049
atmals-gsk,cec2013,13,10,5,48241265,-1.8393592549e+02,1.6064074511e+01,100000,max_evaluations,1.276149
atmals-gsk,cec2013,13,10,6,49241302,-1.8761540227e+02,1.2384597733e+01,100000,max_evaluations,1.250810
atmals-gsk,cec2013,13,10,7,50241339,-1.8303930754e+02,1.6960692461e+01,100000,max_evaluations,1.248249
atmals-gsk,cec2013,13,10,8,51241376,-1.8685995521e+02,1.3140044792e+01,100000,max_evaluations,1.293984
atmals-gsk,cec2013,13,10,9,52241413,-1.8486059035e+02,1.5139409651e+01,100000,max_evaluations,1.347327
atmals-gsk,cec2013,13,10,10,53241450,-1.8978305780e+02,1.0216942198e+01,100000,max_evaluations,1.286030
atmals-gsk,cec2013,13,10,11,54241487,-1.8810524232e+02,1.1894757681e+01,100000,max_evaluations,1.238862
atmals-gsk,cec2013,13,10,12,55241524,-1.9369746316e+02,6.3025368427e+00,100000,max_evaluations,1.322018
atmals-gsk,cec2013,13,10,13,56241561,-1.8762700912e+02,1.2372990880e+01,100000,max_evaluations,1.259120
atmals-gsk,cec2013,13,10,14,57241598,-1.9349804255e+02,6.5019574531e+00,100000,max_evaluations,1.318036
atmals-gsk,cec2013,13,10,15,58241635,-1.8036436170e+02,1.9635638298e+01,100000,max_evaluations,1.281331
atmals-gsk,cec2013,13,10,16,59241672,-1.7879691227e+02,2.1203087733e+01,100000,max_evaluations,2.280393
atmals-gsk,cec2013,13,10,17,60241709,-1.8929753086e+02,1.0702469145e+01,100000,max_evaluations,2.233504
atmals-gsk,cec2013,13,10,18,61241746,-1.8952604082e+02,1.0473959181e+01,100000,max_evaluations,2.583977
atmals-gsk,cec2013,13,10,19,62241783,-1.8087218470e+02,1.9127815301e+01,100000,max_evaluations,2.399840
atmals-gsk,cec2013,13,10,20,63241820,-1.7826040239e+02,2.1739597611e+01,100000,max_evaluations,2.253797
atmals-gsk,cec2013,13,10,21,64241857,-1.8416580966e+02,1.5834190343e+01,100000,max_evaluations,2.824633
atmals-gsk,cec2013,13,10,22,65241894,-1.9326892824e+02,6.7310717566e+00,100000,max_evaluations,2.366953
atmals-gsk,cec2013,13,10,23,66241931,-1.8473536779e+02,1.5264632212e+01,100000,max_evaluations,2.599555
atmals-gsk,cec2013,13,10,24,67241968,-1.9417552715e+02,5.8244728462e+00,100000,max_evaluations,2.206868
atmals-gsk,cec2013,13,10,25,68242005,-1.9562370246e+02,4.3762975368e+00,100000,max_evaluations,2.316121
atmals-gsk,cec2013,13,10,26,69242042,-1.8578914673e+02,1.4210853269e+01,100000,max_evaluations,2.212484
atmals-gsk,cec2013,13,10,27,70242079,-1.9196773882e+02,8.0322611751e+00,100000,max_evaluations,2.229069
atmals-gsk,cec2013,13,10,28,71242116,-1.8473098436e+02,1.5269015644e+01,100000,max_evaluations,2.383954
atmals-gsk,cec2013,13,10,29,72242153,-1.9192405752e+02,8.0759424823e+00,100000,max_evaluations,2.600302
atmals-gsk,cec2013,13,10,30,73242190,-1.7920739427e+02,2.0792605731e+01,100000,max_evaluations,2.643050
atmals-gsk,cec2013,13,10,31,74242227,-1.8893384539e+02,1.1066154607e+01,100000,max_evaluations,2.351598
atmals-gsk,cec2013,13,10,32,75242264,-1.9260003064e+02,7.3999693617e+00,100000,max_evaluations,2.626231
atmals-gsk,cec2013,13,10,33,76242301,-1.8751341162e+02,1.2486588382e+01,100000,max_evaluations,2.652315
atmals-gsk,cec2013,13,10,34,77242338,-1.7719809020e+02,2.2801909797e+01,100000,max_evaluations,2.692209
atmals-gsk,cec2013,13,10,35,78242375,-1.8958258520e+02,1.0417414804e+01,100000,max_evaluations,2.429227
atmals-gsk,cec2013,13,10,36,79242412,-1.8702694842e+02,1.2973051575e+01,100000,max_evaluations,2.574099
atmals-gsk,cec2013,13,10,37,80242449,-1.8443596244e+02,1.5564037555e+01,100000,max_evaluations,3.049528
atmals-gsk,cec2013,13,10,38,81242486,-1.7206918314e+02,2.7930816861e+01,100000,max_evaluations,2.672537
atmals-gsk,cec2013,13,10,39,82242523,-1.8308528392e+02,1.6914716080e+01,100000,max_evaluations,2.630729
atmals-gsk,cec2013,13,10,40,83242560,-1.7867178522e+02,2.1328214779e+01,100000,max_evaluations,2.477388
atmals-gsk,cec2013,13,10,41,84242597,-1.8986551613e+02,1.0134483874e+01,100000,max_evaluations,2.824387
atmals-gsk,cec2013,13,10,42,85242634,-1.8011105820e+02,1.9888941799e+01,100000,max_evaluations,2.924362
atmals-gsk,cec2013,13,10,43,86242671,-1.8252344796e+02,1.7476552041e+01,100000,max_evaluations,2.935517
atmals-gsk,cec2013,13,10,44,87242708,-1.9478538921e+02,5.2146107872e+00,100000,max_evaluations,2.913715
atmals-gsk,cec2013,13,10,45,88242745,-1.9111573623e+02,8.8842637731e+00,100000,max_evaluations,2.603449
atmals-gsk,cec2013,13,10,46,89242782,-1.8967801445e+02,1.0321985545e+01,100000,max_evaluations,1.949955
atmals-gsk,cec2013,13,10,47,90242819,-1.8258794646e+02,1.7412053539e+01,100000,max_evaluations,1.940995
atmals-gsk,cec2013,13,10,48,91242856,-1.9258974331e+02,7.4102566942e+00,100000,max_evaluations,1.658941
atmals-gsk,cec2013,13,10,49,92242893,-1.8886616928e+02,1.1133830719e+01,100000,max_evaluations,1.760449
atmals-gsk,cec2013,13,10,50,93242930,-1.8914147712e+02,1.0858522877e+01,100000,max_evaluations,1.829047
atmals-gsk,cec2013,13,10,51,94242967,-1.8261595861e+02,1.7384041391e+01,100000,max_evaluations,1.729560
atmals-gsk,cec2013,14,10,1,45241150,4.3677294483e+02,5.3677294483e+02,100000,max_evaluations,1.440789
atmals-gsk,cec2013,14,10,2,46241187,2.8714534658e+02,3.8714534658e+02,100000,max_evaluations,1.487516
atmals-gsk,cec2013,14,10,3,47241224,2.8574859792e+02,3.8574859792e+02,100000,max_evaluations,1.454257
atmals-gsk,cec2013,14,10,4,48241261,1.6203674410e+02,2.6203674410e+02,100000,max_evaluations,1.666864
atmals-gsk,cec2013,14,10,5,49241298,3.5945879702e+02,4.5945879702e+02,100000,max_evaluations,1.633022
atmals-gsk,cec2013,14,10,6,50241335,6.0967481980e+01,1.6096748198e+02,100000,max_evaluations,1.541959
atmals-gsk,cec2013,14,10,7,51241372,1.8458915396e+02,2.8458915396e+02,100000,max_evaluations,1.566908
atmals-gsk,cec2013,14,10,8,52241409,2.7436052432e+02,3.7436052432e+02,100000,max_evaluations,1.457102
atmals-gsk,cec2013,14,10,9,53241446,5.9910808043e+01,1.5991080804e+02,100000,max_evaluations,1.738798
atmals-gsk,cec2013,14,10,10,54241483,3.8648927395e+02,4.8648927395e+02,100000,max_evaluations,1.443498
atmals-gsk,cec2013,14,10,11,55241520,2.1484512344e+02,3.1484512344e+02,100000,max_evaluations,1.516994
atmals-gsk,cec2013,14,10,12,56241557,2.1502789773e+02,3.1502789773e+02,100000,max_evaluations,1.430551
atmals-gsk,cec2013,14,10,13,57241594,7.6656269166e+01,1.7665626917e+02,100000,max_evaluations,1.474781
atmals-gsk,cec2013,14,10,14,58241631,2.9203933537e+02,3.9203933537e+02,100000,max_evaluations,1.382174
atmals-gsk,cec2013,14,10,15,59241668,2.9159755154e+02,3.9159755154e+02,100000,max_evaluations,1.451947
atmals-gsk,cec2013,14,10,16,60241705,4.1437715091e+01,1.4143771509e+02,100000,max_evaluations,2.040473
atmals-gsk,cec2013,14,10,17,61241742,2.3790110193e+02,3.3790110193e+02,100000,max_evaluations,2.199413
atmals-gsk,cec2013,14,10,18,62241779,-4.0731499932e+01,5.9268500068e+01,100000,max_evaluations,2.313667
atmals-gsk,cec2013,14,10,19,63241816,4.1443448245e+02,5.1443448245e+02,100000,max_evaluations,2.238753
atmals-gsk,cec2013,14,10,20,64241853,1.6998494126e+02,2.6998494126e+02,100000,max_evaluations,2.559478
atmals-gsk,cec2013,14,10,21,65241890,2.8519350572e+02,3.8519350572e+02,100000,max_evaluations,2.061192
atmals-gsk,cec2013,14,10,22,66241927,3.9074132405e+02,4.9074132405e+02,100000,max_evaluations,2.585938
atmals-gsk,cec2013,14,10,23,67241964,2.6434646259e+02,3.6434646259e+02,100000,max_evaluations,2.193103
atmals-gsk,cec2013,14,10,24,68242001,8.1959089933e+01,1.8195908993e+02,100000,max_evaluations,2.221262
atmals-gsk,cec2013,14,10,25,69242038,2.8812992689e+02,3.8812992689e+02,100000,max_evaluations,2.154907
atmals-gsk,cec2013,14,10,26,70242075,3.6052049955e+02,4.6052049955e+02,100000,max_evaluations,2.597749
atmals-gsk,cec2013,14,10,27,71242112,3.0953062918e+02,4.0953062918e+02,100000,max_evaluations,2.819368
atmals-gsk,cec2013,14,10,28,72242149,1.8976142654e+02,2.8976142654e+02,100000,max_evaluations,2.527421
atmals-gsk,cec2013,14,10,29,73242186,1.9194685978e+02,2.9194685978e+02,100000,max_evaluations,2.529864
atmals-gsk,cec2013,14,10,30,74242223,1.8527708994e+02,2.8527708994e+02,100000,max_evaluations,2.540241
atmals-gsk,cec2013,14,10,31,75242260,1.4151957149e+02,2.4151957149e+02,100000,max_evaluations,2.242678
atmals-gsk,cec2013,14,10,32,76242297,2.9156476040e+02,3.9156476040e+02,100000,max_evaluations,2.192470
atmals-gsk,cec2013,14,10,33,77242334,1.7398386108e+02,2.7398386108e+02,100000,max_evaluations,2.135453
atmals-gsk,cec2013,14,10,34,78242371,2.0329720712e+02,3.0329720712e+02,100000,max_evaluations,2.220985
atmals-gsk,cec2013,14,10,35,79242408,-2.7012048345e+01,7.2987951655e+01,100000,max_evaluations,2.172843
atmals-gsk,cec2013,14,10,36,80242445,1.8717427709e+02,2.8717427709e+02,100000,max_evaluations,2.190787
atmals-gsk,cec2013,14,10,37,81242482,3.1222098043e+02,4.1222098043e+02,100000,max_evaluations,2.108617
atmals-gsk,cec2013,14,10,38,82242519,1.8989581227e+02,2.8989581227e+02,100000,max_evaluations,2.136840
atmals-gsk,cec2013,14,10,39,83242556,1.7253015704e+02,2.7253015704e+02,100000,max_evaluations,2.559418
atmals-gsk,cec2013,14,10,40,84242593,1.9970832234e+02,2.9970832234e+02,100000,max_evaluations,2.687076
atmals-gsk,cec2013,14,10,41,85242630,3.9231294401e+02,4.9231294401e+02,100000,max_evaluations,2.649428
atmals-gsk,cec2013,14,10,42,86242667,3.0137819311e+02,4.0137819311e+02,100000,max_evaluations,2.370186
atmals-gsk,cec2013,14,10,43,87242704,3.2887146345e+02,4.2887146345e+02,100000,max_evaluations,2.312859
atmals-gsk,cec2013,14,10,44,88242741,3.0904529048e+02,4.0904529048e+02,100000,max_evaluations,2.438822
atmals-gsk,cec2013,14,10,45,89242778,-8.4205381611e+01,1.5794618389e+01,100000,max_evaluations,2.392752
atmals-gsk,cec2013,14,10,46,90242815,3.8528651244e+02,4.8528651244e+02,100000,max_evaluations,1.839672
atmals-gsk,cec2013,14,10,47,91242852,6.3187161336e+01,1.6318716134e+02,100000,max_evaluations,1.673590
atmals-gsk,cec2013,14,10,48,92242889,2.8195587622e+02,3.8195587622e+02,100000,max_evaluations,1.814945
atmals-gsk,cec2013,14,10,49,93242926,1.7034787832e+02,2.7034787832e+02,100000,max_evaluations,1.829207
atmals-gsk,cec2013,14,10,50,94242963,1.7873152519e+02,2.7873152519e+02,100000,max_evaluations,1.775268
atmals-gsk,cec2013,14,10,51,95243000,-9.6185417449e+00,9.0381458255e+01,100000,max_evaluations,1.705926
atmals-gsk,cec2013,15,10,1,46241183,1.0953359429e+03,9.9533594287e+02,100000,max_evaluations,1.383006
atmals-gsk,cec2013,15,10,2,47241220,9.8370446540e+02,8.8370446540e+02,100000,max_evaluations,1.243463
atmals-gsk,cec2013,15,10,3,48241257,1.1342288154e+03,1.0342288154e+03,100000,max_evaluations,1.385744
atmals-gsk,cec2013,15,10,4,49241294,7.3149441865e+02,6.3149441865e+02,100000,max_evaluations,1.305245
atmals-gsk,cec2013,15,10,5,50241331,8.1797374072e+02,7.1797374072e+02,100000,max_evaluations,1.349508
atmals-gsk,cec2013,15,10,6,51241368,8.4509205277e+02,7.4509205277e+02,100000,max_evaluations,1.321091
atmals-gsk,cec2013,15,10,7,52241405,5.3724147066e+02,4.3724147066e+02,100000,max_evaluations,1.327859
atmals-gsk,cec2013,15,10,8,53241442,7.9993396184e+02,6.9993396184e+02,100000,max_evaluations,1.399159
atmals-gsk,cec2013,15,10,9,54241479,4.5407549897e+02,3.5407549897e+02,100000,max_evaluations,1.400399
atmals-gsk,cec2013,15,10,10,55241516,8.9380800170e+02,7.9380800170e+02,100000,max_evaluations,1.324241
atmals-gsk,cec2013,15,10,11,56241553,1.1740347581e+03,1.0740347581e+03,100000,max_evaluations,1.321419
atmals-gsk,cec2013,15,10,12,57241590,1.6793040220e+03,1.5793040220e+03,100000,max_evaluations,1.376722
atmals-gsk,cec2013,15,10,13,58241627,8.6981607693e+02,7.6981607693e+02,100000,max_evaluations,1.284190
atmals-gsk,cec2013,15,10,14,59241664,1.2285351533e+03,1.1285351533e+03,100000,max_evaluations,1.280720
atmals-gsk,cec2013,15,10,15,60241701,1.2615353978e+03,1.1615353978e+03,100000,max_evaluations,1.346957
atmals-gsk,cec2013,15,10,16,61241738,5.8572649157e+02,4.8572649157e+02,100000,max_evaluations,2.152763
atmals-gsk,cec2013,15,10,17,62241775,8.0182801646e+02,7.0182801646e+02,100000,max_evaluations,2.019469
atmals-gsk,cec2013,15,10,18,63241812,9.2185214158e+02,8.2185214158e+02,100000,max_evaluations,2.101083
atmals-gsk,cec2013,15,10,19,64241849,1.0458047594e+03,9.4580475942e+02,100000,max_evaluations,2.819298
atmals-gsk,cec2013,15,10,20,65241886,1.0912363437e+03,9.9123634368e+02,100000,max_evaluations,2.596094
atmals-gsk,cec2013,15,10,21,66241923,8.4140830656e+02,7.4140830656e+02,100000,max_evaluations,2.138875
atmals-gsk,cec2013,15,10,22,67241960,1.3983525184e+03,1.2983525184e+03,100000,max_evaluations,2.209556
atmals-gsk,cec2013,15,10,23,68241997,7.1690181011e+02,6.1690181011e+02,100000,max_evaluations,2.349498
atmals-gsk,cec2013,15,10,24,69242034,7.6562533592e+02,6.6562533592e+02,100000,max_evaluations,2.633792
atmals-gsk,cec2013,15,10,25,70242071,1.0235642698e+03,9.2356426984e+02,100000,max_evaluations,2.118389
atmals-gsk,cec2013,15,10,26,71242108,5.7246719025e+02,4.7246719025e+02,100000,max_evaluations,2.084671
atmals-gsk,cec2013,15,10,27,72242145,1.2201416848e+03,1.1201416848e+03,100000,max_evaluations,2.103059
atmals-gsk,cec2013,15,10,28,73242182,1.2194676853e+03,1.1194676853e+03,100000,max_evaluations,2.367253
atmals-gsk,cec2013,15,10,29,74242219,1.0963997693e+03,9.9639976930e+02,100000,max_evaluations,2.604042
atmals-gsk,cec2013,15,10,30,75242256,1.1345174149e+03,1.0345174149e+03,100000,max_evaluations,2.664110
atmals-gsk,cec2013,15,10,31,76242293,1.3204400945e+03,1.2204400945e+03,100000,max_evaluations,2.159838
atmals-gsk,cec2013,15,10,32,77242330,4.6972272801e+02,3.6972272801e+02,100000,max_evaluations,2.163673
atmals-gsk,cec2013,15,10,33,78242367,5.3501548304e+02,4.3501548304e+02,100000,max_evaluations,2.188881
atmals-gsk,cec2013,15,10,34,79242404,5.4542346513e+02,4.4542346513e+02,100000,max_evaluations,2.219306
atmals-gsk,cec2013,15,10,35,80242441,7.1720523401e+02,6.1720523401e+02,100000,max_evaluations,2.325331
atmals-gsk,cec2013,15,10,36,81242478,9.6609135258e+02,8.6609135258e+02,100000,max_evaluations,2.182163
atmals-gsk,cec2013,15,10,37,82242515,1.0381604045e+03,9.3816040446e+02,100000,max_evaluations,2.138892
atmals-gsk,cec2013,15,10,38,83242552,5.6874655451e+02,4.6874655451e+02,100000,max_evaluations,2.126262
atmals-gsk,cec2013,15,10,39,84242589,5.3675702016e+02,4.3675702016e+02,100000,max_evaluations,2.437124
atmals-gsk,cec2013,15,10,40,85242626,1.1995808125e+03,1.0995808125e+03,100000,max_evaluations,2.570384
atmals-gsk,cec2013,15,10,41,86242663,6.1094705867e+02,5.1094705867e+02,100000,max_evaluations,2.636055
atmals-gsk,cec2013,15,10,42,87242700,1.1072360294e+03,1.0072360294e+03,100000,max_evaluations,2.445415
atmals-gsk,cec2013,15,10,43,88242737,1.0642851707e+03,9.6428517070e+02,100000,max_evaluations,2.672829
atmals-gsk,cec2013,15,10,44,89242774,1.3580111324e+03,1.2580111324e+03,100000,max_evaluations,2.383132
atmals-gsk,cec2013,15,10,45,90242811,7.4304023725e+02,6.4304023725e+02,100000,max_evaluations,2.534795
atmals-gsk,cec2013,15,10,46,91242848,8.8536609691e+02,7.8536609691e+02,100000,max_evaluations,1.725794
atmals-gsk,cec2013,15,10,47,92242885,9.1272075135e+02,8.1272075135e+02,100000,max_evaluations,1.961007
atmals-gsk,cec2013,15,10,48,93242922,9.1130853254e+02,8.1130853254e+02,100000,max_evaluations,1.842140
atmals-gsk,cec2013,15,10,49,94242959,6.0715923529e+02,5.0715923529e+02,100000,max_evaluations,1.802828
atmals-gsk,cec2013,15,10,50,95242996,1.0346101156e+03,9.3461011564e+02,100000,max_evaluations,1.693457
atmals-gsk,cec2013,15,10,51,96243033,1.1949882657e+03,1.0949882657e+03,100000,max_evaluations,1.703925
atmals-gsk,cec2013,16,10,1,47241216,2.0094373845e+02,9.4373844520e-01,100000,max_evaluations,1.276679
atmals-gsk,cec2013,16,10,2,48241253,2.0081826239e+02,8.1826238854e-01,100000,max_evaluations,1.270251
atmals-gsk,cec2013,16,10,3,49241290,2.0070716033e+02,7.0716033362e-01,100000,max_evaluations,1.431731
atmals-gsk,cec2013,16,10,4,50241327,2.0083001800e+02,8.3001800040e-01,100000,max_evaluations,1.403748
atmals-gsk,cec2013,16,10,5,51241364,2.0080509349e+02,8.0509349215e-01,100000,max_evaluations,1.369195
atmals-gsk,cec2013,16,10,6,52241401,2.0070878665e+02,7.0878664539e-01,100000,max_evaluations,1.347701
atmals-gsk,cec2013,16,10,7,53241438,2.0067446192e+02,6.7446192101e-01,100000,max_evaluations,1.349134
atmals-gsk,cec2013,16,10,8,54241475,2.0034894190e+02,3.4894190058e-01,100000,max_evaluations,1.301637
atmals-gsk,cec2013,16,10,9,55241512,2.0060157350e+02,6.0157350205e-01,100000,max_evaluations,1.343137
atmals-gsk,cec2013,16,10,10,56241549,2.0037209135e+02,3.7209135336e-01,100000,max_evaluations,1.418461
atmals-gsk,cec2013,16,10,11,57241586,2.0085484081e+02,8.5484080772e-01,100000,max_evaluations,1.308569
atmals-gsk,cec2013,16,10,12,58241623,2.0042043721e+02,4.2043721046e-01,100000,max_evaluations,1.357657
atmals-gsk,cec2013,16,10,13,59241660,2.0079096891e+02,7.9096890766e-01,100000,max_evaluations,1.371863
atmals-gsk,cec2013,16,10,14,60241697,2.0039257413e+02,3.9257412853e-01,100000,max_evaluations,1.367255
atmals-gsk,cec2013,16,10,15,61241734,2.0042816014e+02,4.2816013824e-01,100000,max_evaluations,1.330861
atmals-gsk,cec2013,16,10,16,62241771,2.0093216307e+02,9.3216307427e-01,100000,max_evaluations,2.148867
atmals-gsk,cec2013,16,10,17,63241808,2.0063154205e+02,6.3154205288e-01,100000,max_evaluations,2.208935
atmals-gsk,cec2013,16,10,18,64241845,2.0085508660e+02,8.5508660251e-01,100000,max_evaluations,2.526170
atmals-gsk,cec2013,16,10,19,65241882,2.0053739421e+02,5.3739421405e-01,100000,max_evaluations,2.228636
atmals-gsk,cec2013,16,10,20,66241919,2.0103086557e+02,1.0308655670e+00,100000,max_evaluations,2.104216
atmals-gsk,cec2013,16,10,21,67241956,2.0099849067e+02,9.9849067399e-01,100000,max_evaluations,2.334159
atmals-gsk,cec2013,16,10,22,68241993,2.0058160038e+02,5.8160037892e-01,100000,max_evaluations,2.386590
atmals-gsk,cec2013,16,10,23,69242030,2.0028190848e+02,2.8190847733e-01,100000,max_evaluations,2.484464
atmals-gsk,cec2013,16,10,24,70242067,2.0064075141e+02,6.4075140535e-01,100000,max_evaluations,2.298699
atmals-gsk,cec2013,16,10,25,71242104,2.0061610660e+02,6.1610660407e-01,100000,max_evaluations,2.611643
atmals-gsk,cec2013,16,10,26,72242141,2.0078515374e+02,7.8515373898e-01,100000,max_evaluations,2.071517
atmals-gsk,cec2013,16,10,27,73242178,2.0054798669e+02,5.4798668922e-01,100000,max_evaluations,2.221792
atmals-gsk,cec2013,16,10,28,74242215,2.0076549052e+02,7.6549051562e-01,100000,max_evaluations,2.597339
atmals-gsk,cec2013,16,10,29,75242252,2.0049888383e+02,4.9888383182e-01,100000,max_evaluations,2.038042
atmals-gsk,cec2013,16,10,30,76242289,2.0110171157e+02,1.1017115750e+00,100000,max_evaluations,2.684833
atmals-gsk,cec2013,16,10,31,77242326,2.0059037443e+02,5.9037442920e-01,100000,max_evaluations,2.250704
atmals-gsk,cec2013,16,10,32,78242363,2.0069307082e+02,6.9307081691e-01,100000,max_evaluations,2.324296
atmals-gsk,cec2013,16,10,33,79242400,2.0084348291e+02,8.4348291449e-01,100000,max_evaluations,2.453320
atmals-gsk,cec2013,16,10,34,80242437,2.0053344202e+02,5.3344201861e-01,100000,max_evaluations,2.334940
atmals-gsk,cec2013,16,10,35,81242474,2.0046393612e+02,4.6393611559e-01,100000,max_evaluations,2.459404
atmals-gsk,cec2013,16,10,36,82242511,2.0037171030e+02,3.7171029594e-01,100000,max_evaluations,2.408001
atmals-gsk,cec2013,16,10,37,83242548,2.0110483746e+02,1.1048374634e+00,100000,max_evaluations,2.482480
atmals-gsk,cec2013,16,10,38,84242585,2.0085498182e+02,8.5498182438e-01,100000,max_evaluations,2.295881
atmals-gsk,cec2013,16,10,39,85242622,2.0046139916e+02,4.6139916092e-01,100000,max_evaluations,2.924405
atmals-gsk,cec2013,16,10,40,86242659,2.0046615257e+02,4.6615257121e-01,100000,max_evaluations,2.709839
atmals-gsk,cec2013,16,10,41,87242696,2.0074070349e+02,7.4070348544e-01,100000,max_evaluations,2.628324
atmals-gsk,cec2013,16,10,42,88242733,2.0070886096e+02,7.0886095983e-01,100000,max_evaluations,2.786203
atmals-gsk,cec2013,16,10,43,89242770,2.0069088052e+02,6.9088051915e-01,100000,max_evaluations,2.164662
atmals-gsk,cec2013,16,10,44,90242807,2.0116340512e+02,1.1634051242e+00,100000,max_evaluations,2.569767
atmals-gsk,cec2013,16,10,45,91242844,2.0067980929e+02,6.7980928681e-01,100000,max_evaluations,2.605524
atmals-gsk,cec2013,16,10,46,92242881,2.0117186036e+02,1.1718603559e+00,100000,max_evaluations,1.809189
atmals-gsk,cec2013,16,10,47,93242918,2.0075833553e+02,7.5833553107e-01,100000,max_evaluations,1.782770
atmals-gsk,cec2013,16,10,48,94242955,2.0072495121e+02,7.2495120915e-01,100000,max_evaluations,1.935129
atmals-gsk,cec2013,16,10,49,95242992,2.0057216757e+02,5.7216757312e-01,100000,max_evaluations,1.783468
atmals-gsk,cec2013,16,10,50,96243029,2.0058023192e+02,5.8023191552e-01,100000,max_evaluations,1.716144
atmals-gsk,cec2013,16,10,51,97243066,2.0094290376e+02,9.4290375662e-01,100000,max_evaluations,1.776038
atmals-gsk,cec2013,17,10,1,48241249,3.1071738869e+02,1.0717388692e+01,100000,max_evaluations,1.682717
atmals-gsk,cec2013,17,10,2,49241286,3.1102207443e+02,1.1022074428e+01,100000,max_evaluations,1.564410
atmals-gsk,cec2013,17,10,3,50241323,3.1108940198e+02,1.1089401983e+01,100000,max_evaluations,1.707779
atmals-gsk,cec2013,17,10,4,51241360,3.0164332870e+02,1.6433286989e+00,100000,max_evaluations,1.840467
atmals-gsk,cec2013,17,10,5,52241397,3.1095443131e+02,1.0954431307e+01,100000,max_evaluations,1.709011
atmals-gsk,cec2013,17,10,6,53241434,3.1072215741e+02,1.0722157409e+01,100000,max_evaluations,1.529328
atmals-gsk,cec2013,17,10,7,54241471,3.1076000642e+02,1.0760006421e+01,100000,max_evaluations,1.697264
atmals-gsk,cec2013,17,10,8,55241508,3.1081085482e+02,1.0810854818e+01,100000,max_evaluations,1.713917
atmals-gsk,cec2013,17,10,9,56241545,3.1054749181e+02,1.0547491806e+01,100000,max_evaluations,1.956121
atmals-gsk,cec2013,17,10,10,57241582,3.1120154440e+02,1.1201544399e+01,100000,max_evaluations,1.632476
atmals-gsk,cec2013,17,10,11,58241619,3.1062036341e+02,1.0620363412e+01,100000,max_evaluations,1.477383
atmals-gsk,cec2013,17,10,12,59241656,3.1079496618e+02,1.0794966180e+01,100000,max_evaluations,1.524557
atmals-gsk,cec2013,17,10,13,60241693,3.1036045847e+02,1.0360458474e+01,100000,max_evaluations,1.677156
atmals-gsk,cec2013,17,10,14,61241730,3.1060762448e+02,1.0607624475e+01,100000,max_evaluations,1.594066
atmals-gsk,cec2013,17,10,15,62241767,3.1101294790e+02,1.1012947904e+01,100000,max_evaluations,1.494178
atmals-gsk,cec2013,17,10,16,63241804,3.1101826095e+02,1.1018260951e+01,100000,max_evaluations,2.340639
atmals-gsk,cec2013,17,10,17,64241841,3.1116606351e+02,1.1166063507e+01,100000,max_evaluations,2.081773
atmals-gsk,cec2013,17,10,18,65241878,3.1050259915e+02,1.0502599148e+01,100000,max_evaluations,2.485995
atmals-gsk,cec2013,17,10,19,66241915,3.1134225490e+02,1.1342254900e+01,100000,max_evaluations,2.569886
atmals-gsk,cec2013,17,10,20,67241952,3.1130791409e+02,1.1307914090e+01,100000,max_evaluations,2.353709
atmals-gsk,cec2013,17,10,21,68241989,3.1234102953e+02,1.2341029534e+01,100000,max_evaluations,2.291194
atmals-gsk,cec2013,17,10,22,69242026,3.1055400180e+02,1.0554001801e+01,100000,max_evaluations,2.185961
atmals-gsk,cec2013,17,10,23,70242063,3.1093620479e+02,1.0936204785e+01,100000,max_evaluations,2.150938
atmals-gsk,cec2013,17,10,24,71242100,3.1035795115e+02,1.0357951155e+01,100000,max_evaluations,2.400523
atmals-gsk,cec2013,17,10,25,72242137,3.1114344826e+02,1.1143448260e+01,100000,max_evaluations,2.436768
atmals-gsk,cec2013,17,10,26,73242174,3.1108316171e+02,1.1083161714e+01,100000,max_evaluations,2.440458
atmals-gsk,cec2013,17,10,27,74242211,3.1073970792e+02,1.0739707915e+01,100000,max_evaluations,2.608117
atmals-gsk,cec2013,17,10,28,75242248,3.1130920660e+02,1.1309206599e+01,100000,max_evaluations,2.749934
atmals-gsk,cec2013,17,10,29,76242285,3.1117687426e+02,1.1176874264e+01,100000,max_evaluations,2.644713
atmals-gsk,cec2013,17,10,30,77242322,3.1134117639e+02,1.1341176393e+01,100000,max_evaluations,2.375197
atmals-gsk,cec2013,17,10,31,78242359,3.1169771584e+02,1.1697715845e+01,100000,max_evaluations,2.253090
atmals-gsk,cec2013,17,10,32,79242396,3.1084903724e+02,1.0849037245e+01,100000,max_evaluations,2.272085
atmals-gsk,cec2013,17,10,33,80242433,3.1104928435e+02,1.1049284348e+01,100000,max_evaluations,2.504427
atmals-gsk,cec2013,17,10,34,81242470,3.1093772797e+02,1.0937727972e+01,100000,max_evaluations,2.155408
atmals-gsk,cec2013,17,10,35,82242507,3.1056521976e+02,1.0565219761e+01,100000,max_evaluations,2.490429
atmals-gsk,cec2013,17,10,36,83242544,3.1085783231e+02,1.0857832307e+01,100000,max_evaluations,2.301994
atmals-gsk,cec2013,17,10,37,84242581,3.1082119554e+02,1.0821195537e+01,100000,max_evaluations,2.318158
atmals-gsk,cec2013,17,10,38,85242618,3.1083205536e+02,1.0832055355e+01,100000,max_evaluations,2.288444
atmals-gsk,cec2013,17,10,39,86242655,3.1075049401e+02,1.0750494013e+01,100000,max_evaluations,2.608809
atmals-gsk,cec2013,17,10,40,87242692,3.1132313225e+02,1.1323132251e+01,100000,max_evaluations,2.359279
atmals-gsk,cec2013,17,10,41,88242729,3.1061219285e+02,1.0612192854e+01,100000,max_evaluations,2.726529
atmals-gsk,cec2013,17,10,42,89242766,3.1106141802e+02,1.1061418016e+01,100000,max_evaluations,2.472370
atmals-gsk,cec2013,17,10,43,90242803,3.1063032805e+02,1.0630328054e+01,100000,max_evaluations,2.536383
atmals-gsk,cec2013,17,10,44,91242840,3.1171837180e+02,1.1718371805e+01,100000,max_evaluations,2.487351
atmals-gsk,cec2013,17,10,45,92242877,3.0118866790e+02,1.1886679028e+00,100000,max_evaluations,2.605342
atmals-gsk,cec2013,17,10,46,93242914,3.1042867363e+02,1.0428673629e+01,100000,max_evaluations,1.983390
atmals-gsk,cec2013,17,10,47,94242951,3.1088469157e+02,1.0884691565e+01,100000,max_evaluations,1.781005
atmals-gsk,cec2013,17,10,48,95242988,3.1123435423e+02,1.1234354230e+01,100000,max_evaluations,1.732593
atmals-gsk,cec2013,17,10,49,96243025,3.1050596754e+02,1.0505967539e+01,100000,max_evaluations,1.687810
atmals-gsk,cec2013,17,10,50,97243062,3.1049885785e+02,1.0498857849e+01,100000,max_evaluations,1.674525
atmals-gsk,cec2013,17,10,51,98243099,3.1075911780e+02,1.0759117802e+01,100000,max_evaluations,1.822778
atmals-gsk,cec2013,18,10,1,49241282,4.1862184072e+02,1.8621840719e+01,100000,max_evaluations,1.563449
atmals-gsk,cec2013,18,10,2,50241319,4.2273112515e+02,2.2731125149e+01,100000,max_evaluations,1.592012
atmals-gsk,cec2013,18,10,3,51241356,4.2984807689e+02,2.9848076889e+01,100000,max_evaluations,1.783164
atmals-gsk,cec2013,18,10,4,52241393,4.1821921227e+02,1.8219212269e+01,100000,max_evaluations,1.681136
atmals-gsk,cec2013,18,10,5,53241430,4.1679048127e+02,1.6790481274e+01,100000,max_evaluations,1.930953
atmals-gsk,cec2013,18,10,6,54241467,4.2116149960e+02,2.1161499596e+01,100000,max_evaluations,1.904438
atmals-gsk,cec2013,18,10,7,55241504,4.1661176519e+02,1.6611765188e+01,100000,max_evaluations,1.725892
atmals-gsk,cec2013,18,10,8,56241541,4.2042941848e+02,2.0429418480e+01,100000,max_evaluations,1.764145
atmals-gsk,cec2013,18,10,9,57241578,4.2851352055e+02,2.8513520549e+01,100000,max_evaluations,1.907891
atmals-gsk,cec2013,18,10,10,58241615,4.2708386631e+02,2.7083866310e+01,100000,max_evaluations,1.616216
atmals-gsk,cec2013,18,10,11,59241652,4.2241401940e+02,2.2414019401e+01,100000,max_evaluations,1.660280
atmals-gsk,cec2013,18,10,12,60241689,4.2314604980e+02,2.3146049803e+01,100000,max_evaluations,1.653066
atmals-gsk,cec2013,18,10,13,61241726,4.2388976995e+02,2.3889769947e+01,100000,max_evaluations,1.556707
atmals-gsk,cec2013,18,10,14,62241763,4.2222890853e+02,2.2228908529e+01,100000,max_evaluations,1.587821
atmals-gsk,cec2013,18,10,15,63241800,4.2306539551e+02,2.3065395508e+01,100000,max_evaluations,1.523144
atmals-gsk,cec2013,18,10,16,64241837,4.3050251601e+02,3.0502516006e+01,100000,max_evaluations,2.211919
atmals-gsk,cec2013,18,10,17,65241874,4.3379615098e+02,3.3796150977e+01,100000,max_evaluations,2.130524
atmals-gsk,cec2013,18,10,18,66241911,4.2387140746e+02,2.3871407463e+01,100000,max_evaluations,2.234986
atmals-gsk,cec2013,18,10,19,67241948,4.2413920498e+02,2.4139204977e+01,100000,max_evaluations,2.191965
atmals-gsk,cec2013,18,10,20,68241985,4.2572290738e+02,2.5722907384e+01,100000,max_evaluations,2.303303
atmals-gsk,cec2013,18,10,21,69242022,4.1848743645e+02,1.8487436446e+01,100000,max_evaluations,2.285330
atmals-gsk,cec2013,18,10,22,70242059,4.2781487146e+02,2.7814871461e+01,100000,max_evaluations,2.230260
atmals-gsk,cec2013,18,10,23,71242096,4.2141608453e+02,2.1416084532e+01,100000,max_evaluations,2.304278
atmals-gsk,cec2013,18,10,24,72242133,4.2210408544e+02,2.2104085441e+01,100000,max_evaluations,2.597359
atmals-gsk,cec2013,18,10,25,73242170,4.2498004567e+02,2.4980045668e+01,100000,max_evaluations,2.704195
atmals-gsk,cec2013,18,10,26,74242207,4.2035509946e+02,2.0355099465e+01,100000,max_evaluations,2.667918
atmals-gsk,cec2013,18,10,27,75242244,4.2311790515e+02,2.3117905152e+01,100000,max_evaluations,2.733619
atmals-gsk,cec2013,18,10,28,76242281,4.2576858557e+02,2.5768585569e+01,100000,max_evaluations,2.832565
atmals-gsk,cec2013,18,10,29,77242318,4.1738309371e+02,1.7383093712e+01,100000,max_evaluations,2.782253
atmals-gsk,cec2013,18,10,30,78242355,4.2609448429e+02,2.6094484294e+01,100000,max_evaluations,2.582753
atmals-gsk,cec2013,18,10,31,79242392,4.2907334875e+02,2.9073348748e+01,100000,max_evaluations,2.493972
atmals-gsk,cec2013,18,10,32,80242429,4.2431630960e+02,2.4316309601e+01,100000,max_evaluations,2.581197
atmals-gsk,cec2013,18,10,33,81242466,4.2444161127e+02,2.4441611269e+01,100000,max_evaluations,2.517250
atmals-gsk,cec2013,18,10,34,82242503,4.2625180564e+02,2.6251805643e+01,100000,max_evaluations,2.483475
atmals-gsk,cec2013,18,10,35,83242540,4.2494893247e+02,2.4948932469e+01,100000,max_evaluations,2.727604
atmals-gsk,cec2013,18,10,36,84242577,4.1771653842e+02,1.7716538418e+01,100000,max_evaluations,2.561408
atmals-gsk,cec2013,18,10,37,85242614,4.2149597414e+02,2.1495974141e+01,100000,max_evaluations,2.603062
atmals-gsk,cec2013,18,10,38,86242651,4.2434910034e+02,2.4349100343e+01,100000,max_evaluations,2.547747
atmals-gsk,cec2013,18,10,39,87242688,4.2348800802e+02,2.3488008016e+01,100000,max_evaluations,2.864073
atmals-gsk,cec2013,18,10,40,88242725,4.2401095627e+02,2.4010956274e+01,100000,max_evaluations,2.997918
atmals-gsk,cec2013,18,10,41,89242762,4.2276415348e+02,2.2764153483e+01,100000,max_evaluations,3.084264
atmals-gsk,cec2013,18,10,42,90242799,4.2207550951e+02,2.2075509507e+01,100000,max_evaluations,3.141645
atmals-gsk,cec2013,18,10,43,91242836,4.2511804571e+02,2.5118045710e+01,100000,max_evaluations,3.195949
atmals-gsk,cec2013,18,10,44,92242873,4.1752363545e+02,1.7523635452e+01,100000,max_evaluations,3.133968
atmals-gsk,cec2013,18,10,45,93242910,4.2794000220e+02,2.7940002197e+01,100000,max_evaluations,2.836680
atmals-gsk,cec2013,18,10,46,94242947,4.2005125051e+02,2.0051250507e+01,100000,max_evaluations,2.609592
atmals-gsk,cec2013,18,10,47,95242984,4.2894101538e+02,2.8941015384e+01,100000,max_evaluations,2.311919
atmals-gsk,cec2013,18,10,48,96243021,4.1936222735e+02,1.9362227350e+01,100000,max_evaluations,2.442861
atmals-gsk,cec2013,18,10,49,97243058,4.2633787969e+02,2.6337879692e+01,100000,max_evaluations,2.527751
atmals-gsk,cec2013,18,10,50,98243095,4.2667380771e+02,2.6673807709e+01,100000,max_evaluations,2.282391
atmals-gsk,cec2013,18,10,51,99243132,4.2763638324e+02,2.7636383241e+01,100000,max_evaluations,2.212192
atmals-gsk,cec2013,19,10,1,50241315,5.0064461968e+02,6.4461968024e-01,100000,max_evaluations,1.788945
atmals-gsk,cec2013,19,10,2,51241352,5.0047586704e+02,4.7586704460e-01,100000,max_evaluations,2.005674
atmals-gsk,cec2013,19,10,3,52241389,5.0061403315e+02,6.1403314959e-01,100000,max_evaluations,2.261298
atmals-gsk,cec2013,19,10,4,53241426,5.0049837364e+02,4.9837363806e-01,100000,max_evaluations,2.247814
atmals-gsk,cec2013,19,10,5,54241463,5.0047563180e+02,4.7563179912e-01,100000,max_evaluations,2.158458
atmals-gsk,cec2013,19,10,6,55241500,5.0046069884e+02,4.6069883620e-01,100000,max_evaluations,2.106911
atmals-gsk,cec2013,19,10,7,56241537,5.0065270453e+02,6.5270453190e-01,100000,max_evaluations,2.262951
atmals-gsk,cec2013,19,10,8,57241574,5.0074473508e+02,7.4473508369e-01,100000,max_evaluations,2.434375
atmals-gsk,cec2013,19,10,9,58241611,5.0066601766e+02,6.6601765673e-01,100000,max_evaluations,2.129641
atmals-gsk,cec2013,19,10,10,59241648,5.0028607195e+02,2.8607195493e-01,100000,max_evaluations,1.839697
atmals-gsk,cec2013,19,10,11,60241685,5.0039623278e+02,3.9623278157e-01,100000,max_evaluations,1.855139
atmals-gsk,cec2013,19,10,12,61241722,5.0051121301e+02,5.1121300706e-01,100000,max_evaluations,1.933820
atmals-gsk,cec2013,19,10,13,62241759,5.0045160983e+02,4.5160983155e-01,100000,max_evaluations,1.717931
atmals-gsk,cec2013,19,10,14,63241796,5.0061343466e+02,6.1343466412e-01,100000,max_evaluations,1.899892
atmals-gsk,cec2013,19,10,15,64241833,5.0055042929e+02,5.5042929414e-01,100000,max_evaluations,1.868743
atmals-gsk,cec2013,19,10,16,65241870,5.0033071033e+02,3.3071032730e-01,100000,max_evaluations,2.116657
atmals-gsk,cec2013,19,10,17,66241907,5.0068041486e+02,6.8041486397e-01,100000,max_evaluations,2.088853
atmals-gsk,cec2013,19,10,18,67241944,5.0047724039e+02,4.7724038619e-01,100000,max_evaluations,2.056571
atmals-gsk,cec2013,19,10,19,68241981,5.0035200788e+02,3.5200787878e-01,100000,max_evaluations,2.102365
atmals-gsk,cec2013,19,10,20,69242018,5.0057444142e+02,5.7444141962e-01,100000,max_evaluations,2.035600
atmals-gsk,cec2013,19,10,21,70242055,5.0060206783e+02,6.0206782922e-01,100000,max_evaluations,1.990849
atmals-gsk,cec2013,19,10,22,71242092,5.0048431207e+02,4.8431207118e-01,100000,max_evaluations,2.071129
atmals-gsk,cec2013,19,10,23,72242129,5.0037900268e+02,3.7900267745e-01,100000,max_evaluations,1.961020
atmals-gsk,cec2013,19,10,24,73242166,5.0052567611e+02,5.2567610925e-01,100000,max_evaluations,2.389366
atmals-gsk,cec2013,19,10,25,74242203,5.0092242397e+02,9.2242397133e-01,100000,max_evaluations,2.613364
atmals-gsk,cec2013,19,10,26,75242240,5.0058756183e+02,5.8756182724e-01,100000,max_evaluations,2.779409
atmals-gsk,cec2013,19,10,27,76242277,5.0048815338e+02,4.8815337699e-01,100000,max_evaluations,2.851667
atmals-gsk,cec2013,19,10,28,77242314,5.0057199176e+02,5.7199175590e-01,100000,max_evaluations,2.530913
atmals-gsk,cec2013,19,10,29,78242351,5.0039343614e+02,3.9343613994e-01,100000,max_evaluations,2.236016
atmals-gsk,cec2013,19,10,30,79242388,5.0074964686e+02,7.4964686113e-01,100000,max_evaluations,2.432931
atmals-gsk,cec2013,19,10,31,80242425,5.0067863464e+02,6.7863463795e-01,100000,max_evaluations,1.974954
atmals-gsk,cec2013,19,10,32,81242462,5.0055317676e+02,5.5317675957e-01,100000,max_evaluations,2.032496
atmals-gsk,cec2013,19,10,33,82242499,5.0054790097e+02,5.4790096867e-01,100000,max_evaluations,1.994500
atmals-gsk,cec2013,19,10,34,83242536,5.0052483212e+02,5.2483212328e-01,100000,max_evaluations,2.147635
atmals-gsk,cec2013,19,10,35,84242573,5.0058248362e+02,5.8248361998e-01,100000,max_evaluations,2.096729
atmals-gsk,cec2013,19,10,36,85242610,5.0073408237e+02,7.3408236831e-01,100000,max_evaluations,2.094112
atmals-gsk,cec2013,19,10,37,86242647,5.0062535132e+02,6.2535132486e-01,100000,max_evaluations,2.099025
atmals-gsk,cec2013,19,10,38,87242684,5.0036006467e+02,3.6006466784e-01,100000,max_evaluations,2.030201
atmals-gsk,cec2013,19,10,39,88242721,5.0057697530e+02,5.7697530206e-01,100000,max_evaluations,2.376426
atmals-gsk,cec2013,19,10,40,89242758,5.0048691674e+02,4.8691674370e-01,100000,max_evaluations,2.437321
atmals-gsk,cec2013,19,10,41,90242795,5.0052227892e+02,5.2227891502e-01,100000,max_evaluations,2.302439
atmals-gsk,cec2013,19,10,42,91242832,5.0050017653e+02,5.0017653246e-01,100000,max_evaluations,2.306405
atmals-gsk,cec2013,19,10,43,92242869,5.0046681593e+02,4.6681592999e-01,100000,max_evaluations,2.264980
atmals-gsk,cec2013,19,10,44,93242906,5.0058761181e+02,5.8761181336e-01,100000,max_evaluations,2.697453
atmals-gsk,cec2013,19,10,45,94242943,5.0053798269e+02,5.3798268674e-01,100000,max_evaluations,2.297419
atmals-gsk,cec2013,19,10,46,95242980,5.0035389170e+02,3.5389169958e-01,100000,max_evaluations,1.876945
atmals-gsk,cec2013,19,10,47,96243017,5.0061236293e+02,6.1236292634e-01,100000,max_evaluations,1.787400
atmals-gsk,cec2013,19,10,48,97243054,5.0043666492e+02,4.3666492197e-01,100000,max_evaluations,1.851948
atmals-gsk,cec2013,19,10,49,98243091,5.0052436366e+02,5.2436366399e-01,100000,max_evaluations,1.848523
atmals-gsk,cec2013,19,10,50,99243128,5.0055529550e+02,5.5529549683e-01,100000,max_evaluations,1.759532
atmals-gsk,cec2013,19,10,51,100243165,5.0036087289e+02,3.6087288621e-01,100000,max_evaluations,1.800876
atmals-gsk,cec2013,20,10,1,51241348,6.0190073297e+02,1.9007329693e+00,100000,max_evaluations,1.836844
atmals-gsk,cec2013,20,10,2,52241385,6.0239610833e+02,2.3961083334e+00,100000,max_evaluations,1.876941
atmals-gsk,cec2013,20,10,3,53241422,6.0265783971e+02,2.6578397095e+00,100000,max_evaluations,2.033707
atmals-gsk,cec2013,20,10,4,54241459,6.0336423746e+02,3.3642374610e+00,100000,max_evaluations,2.072923
atmals-gsk,cec2013,20,10,5,55241496,6.0189084114e+02,1.8908411408e+00,100000,max_evaluations,2.098591
atmals-gsk,cec2013,20,10,6,56241533,6.0210158066e+02,2.1015806620e+00,100000,max_evaluations,2.143840
atmals-gsk,cec2013,20,10,7,57241570,6.0227324250e+02,2.2732425016e+00,100000,max_evaluations,2.010483
atmals-gsk,cec2013,20,10,8,58241607,6.0213653572e+02,2.1365357175e+00,100000,max_evaluations,2.024198
atmals-gsk,cec2013,20,10,9,59241644,6.0205977672e+02,2.0597767187e+00,100000,max_evaluations,2.106043
atmals-gsk,cec2013,20,10,10,60241681,6.0273709567e+02,2.7370956702e+00,100000,max_evaluations,1.877248
atmals-gsk,cec2013,20,10,11,61241718,6.0182522627e+02,1.8252262690e+00,100000,max_evaluations,1.865736
atmals-gsk,cec2013,20,10,12,62241755,6.0270864105e+02,2.7086410473e+00,100000,max_evaluations,1.785291
atmals-gsk,cec2013,20,10,13,63241792,6.0274576576e+02,2.7457657560e+00,100000,max_evaluations,1.926749
atmals-gsk,cec2013,20,10,14,64241829,6.0352030726e+02,3.5203072592e+00,100000,max_evaluations,1.958500
atmals-gsk,cec2013,20,10,15,65241866,6.0283210276e+02,2.8321027622e+00,100000,max_evaluations,1.781017
atmals-gsk,cec2013,20,10,16,66241903,6.0272695658e+02,2.7269565770e+00,100000,max_evaluations,2.463988
atmals-gsk,cec2013,20,10,17,67241940,6.0250094307e+02,2.5009430678e+00,100000,max_evaluations,2.617609
atmals-gsk,cec2013,20,10,18,68241977,6.0207171500e+02,2.0717150024e+00,100000,max_evaluations,2.440429
atmals-gsk,cec2013,20,10,19,69242014,6.0250578497e+02,2.5057849695e+00,100000,max_evaluations,2.603832
atmals-gsk,cec2013,20,10,20,70242051,6.0276890239e+02,2.7689023949e+00,100000,max_evaluations,2.527333
atmals-gsk,cec2013,20,10,21,71242088,6.0214732237e+02,2.1473223665e+00,100000,max_evaluations,2.638425
atmals-gsk,cec2013,20,10,22,72242125,6.0150742538e+02,1.5074253812e+00,100000,max_evaluations,2.505485
atmals-gsk,cec2013,20,10,23,73242162,6.0263264319e+02,2.6326431853e+00,100000,max_evaluations,2.671091
atmals-gsk,cec2013,20,10,24,74242199,6.0237859701e+02,2.3785970073e+00,100000,max_evaluations,3.079256
atmals-gsk,cec2013,20,10,25,75242236,6.0227243658e+02,2.2724365792e+00,100000,max_evaluations,3.204876
atmals-gsk,cec2013,20,10,26,76242273,6.0225371652e+02,2.2537165233e+00,100000,max_evaluations,3.129636
atmals-gsk,cec2013,20,10,27,77242310,6.0208691096e+02,2.0869109644e+00,100000,max_evaluations,2.568039
atmals-gsk,cec2013,20,10,28,78242347,6.0229885276e+02,2.2988527625e+00,100000,max_evaluations,3.016370
atmals-gsk,cec2013,20,10,29,79242384,6.0205044565e+02,2.0504456479e+00,100000,max_evaluations,2.883396
atmals-gsk,cec2013,20,10,30,80242421,6.0187097237e+02,1.8709723747e+00,100000,max_evaluations,3.126904
atmals-gsk,cec2013,20,10,31,81242458,6.0257495964e+02,2.5749596424e+00,100000,max_evaluations,2.788382
atmals-gsk,cec2013,20,10,32,82242495,6.0221326947e+02,2.2132694676e+00,100000,max_evaluations,2.861079
atmals-gsk,cec2013,20,10,33,83242532,6.0219815528e+02,2.1981552823e+00,100000,max_evaluations,2.736249
atmals-gsk,cec2013,20,10,34,84242569,6.0183886017e+02,1.8388601665e+00,100000,max_evaluations,2.744311
atmals-gsk,cec2013,20,10,35,85242606,6.0215283582e+02,2.1528358166e+00,100000,max_evaluations,2.670369
atmals-gsk,cec2013,20,10,36,86242643,6.0204958376e+02,2.0495837552e+00,100000,max_evaluations,2.516561
atmals-gsk,cec2013,20,10,37,87242680,6.0196009186e+02,1.9600918623e+00,100000,max_evaluations,2.545944
atmals-gsk,cec2013,20,10,38,88242717,6.0225218262e+02,2.2521826219e+00,100000,max_evaluations,2.730640
atmals-gsk,cec2013,20,10,39,89242754,6.0353308109e+02,3.5330810936e+00,100000,max_evaluations,2.916309
atmals-gsk,cec2013,20,10,40,90242791,6.0207046023e+02,2.0704602343e+00,100000,max_evaluations,2.905224
atmals-gsk,cec2013,20,10,41,91242828,6.0276080114e+02,2.7608011354e+00,100000,max_evaluations,2.676349
atmals-gsk,cec2013,20,10,42,92242865,6.0209280395e+02,2.0928039486e+00,100000,max_evaluations,2.859284
atmals-gsk,cec2013,20,10,43,93242902,6.0175000505e+02,1.7500050461e+00,100000,max_evaluations,2.795199
atmals-gsk,cec2013,20,10,44,94242939,6.0272866740e+02,2.7286673951e+00,100000,max_evaluations,3.051451
atmals-gsk,cec2013,20,10,45,95242976,6.0214755660e+02,2.1475566039e+00,100000,max_evaluations,2.805286
atmals-gsk,cec2013,20,10,46,96243013,6.0286461498e+02,2.8646149771e+00,100000,max_evaluations,1.934748
atmals-gsk,cec2013,20,10,47,97243050,6.0254089545e+02,2.5408954519e+00,100000,max_evaluations,1.716886
atmals-gsk,cec2013,20,10,48,98243087,6.0308606028e+02,3.0860602773e+00,100000,max_evaluations,1.980690
atmals-gsk,cec2013,20,10,49,99243124,6.0261404396e+02,2.6140439600e+00,100000,max_evaluations,1.828363
atmals-gsk,cec2013,20,10,50,100243161,6.0189013687e+02,1.8901368670e+00,100000,max_evaluations,1.855998
atmals-gsk,cec2013,20,10,51,101243198,6.0265914441e+02,2.6591444087e+00,100000,max_evaluations,1.827622
atmals-gsk,cec2013,21,10,1,52241381,1.1001938672e+03,4.0019386722e+02,100000,max_evaluations,1.582300
atmals-gsk,cec2013,21,10,2,53241418,1.1001938672e+03,4.0019386722e+02,100000,max_evaluations,1.762250
atmals-gsk,cec2013,21,10,3,54241455,1.1001938672e+03,4.0019386722e+02,100000,max_evaluations,1.689131
atmals-gsk,cec2013,21,10,4,55241492,1.1001938672e+03,4.0019386722e+02,100000,max_evaluations,1.856575
atmals-gsk,cec2013,21,10,5,56241529,1.1001938672e+03,4.0019386722e+02,100000,max_evaluations,1.679074
atmals-gsk,cec2013,21,10,6,57241566,1.1001938672e+03,4.0019386722e+02,100000,max_evaluations,1.791465
atmals-gsk,cec2013,21,10,7,58241603,1.1001938672e+03,4.0019386722e+02,100000,max_evaluations,1.649703
atmals-gsk,cec2013,21,10,8,59241640,1.1001938672e+03,4.0019386722e+02,100000,max_evaluations,1.843642
atmals-gsk,cec2013,21,10,9,60241677,1.1001938672e+03,4.0019386722e+02,100000,max_evaluations,1.803230
atmals-gsk,cec2013,21,10,10,61241714,1.1001938672e+03,4.0019386722e+02,100000,max_evaluations,1.657954
atmals-gsk,cec2013,21,10,11,62241751,1.1001938672e+03,4.0019386722e+02,100000,max_evaluations,1.578226
atmals-gsk,cec2013,21,10,12,63241788,1.1001938672e+03,4.0019386722e+02,100000,max_evaluations,1.736677
atmals-gsk,cec2013,21,10,13,64241825,1.1001938672e+03,4.0019386722e+02,100000,max_evaluations,1.642036
atmals-gsk,cec2013,21,10,14,65241862,1.1001938672e+03,4.0019386722e+02,100000,max_evaluations,1.599733
atmals-gsk,cec2013,21,10,15,66241899,1.1001938672e+03,4.0019386722e+02,100000,max_evaluations,1.510731
atmals-gsk,cec2013,21,10,16,67241936,1.1001938672e+03,4.0019386722e+02,100000,max_evaluations,2.335281
atmals-gsk,cec2013,21,10,17,68241973,1.1001938672e+03,4.0019386722e+02,100000,max_evaluations,2.413347
atmals-gsk,cec2013,21,10,18,69242010,1.1001938672e+03,4.0019386722e+02,100000,max_evaluations,2.347951
atmals-gsk,cec2013,21,10,19,70242047,1.1001938672e+03,4.0019386722e+02,100000,max_evaluations,2.445245
atmals-gsk,cec2013,21,10,20,71242084,1.1001938672e+03,4.0019386722e+02,100000,max_evaluations,2.482364
atmals-gsk,cec2013,21,10,21,72242121,1.1001938672e+03,4.0019386722e+02,100000,max_evaluations,2.637994
atmals-gsk,cec2013,21,10,22,73242158,1.1001938672e+03,4.0019386722e+02,100000,max_evaluations,2.411998
atmals-gsk,cec2013,21,10,23,74242195,1.1001938672e+03,4.0019386722e+02,100000,max_evaluations,3.017019
atmals-gsk,cec2013,21,10,24,75242232,1.1001938672e+03,4.0019386722e+02,100000,max_evaluations,3.353294
atmals-gsk,cec2013,21,10,25,76242269,1.1001938672e+03,4.0019386722e+02,100000,max_evaluations,2.400890
atmals-gsk,cec2013,21,10,26,77242306,1.1001938672e+03,4.0019386722e+02,100000,max_evaluations,2.425809
atmals-gsk,cec2013,21,10,27,78242343,1.1001938672e+03,4.0019386722e+02,100000,max_evaluations,2.799497
atmals-gsk,cec2013,21,10,28,79242380,1.1001938672e+03,4.0019386722e+02,100000,max_evaluations,3.068134
atmals-gsk,cec2013,21,10,29,80242417,1.1001938672e+03,4.0019386722e+02,100000,max_evaluations,2.926166
atmals-gsk,cec2013,21,10,30,81242454,1.1001938672e+03,4.0019386722e+02,100000,max_evaluations,3.229529
atmals-gsk,cec2013,21,10,31,82242491,1.1001938672e+03,4.0019386722e+02,100000,max_evaluations,2.445275
atmals-gsk,cec2013,21,10,32,83242528,1.1001938672e+03,4.0019386722e+02,100000,max_evaluations,2.494578
atmals-gsk,cec2013,21,10,33,84242565,1.1001938672e+03,4.0019386722e+02,100000,max_evaluations,2.540818
atmals-gsk,cec2013,21,10,34,85242602,1.1001938672e+03,4.0019386722e+02,100000,max_evaluations,2.471440
atmals-gsk,cec2013,21,10,35,86242639,1.1001938672e+03,4.0019386722e+02,100000,max_evaluations,2.635471
atmals-gsk,cec2013,21,10,36,87242676,1.1001938672e+03,4.0019386722e+02,100000,max_evaluations,2.454235
atmals-gsk,cec2013,21,10,37,88242713,1.1001938672e+03,4.0019386722e+02,100000,max_evaluations,2.531955
atmals-gsk,cec2013,21,10,38,89242750,1.1001938672e+03,4.0019386722e+02,100000,max_evaluations,2.487712
atmals-gsk,cec2013,21,10,39,90242787,1.1001938672e+03,4.0019386722e+02,100000,max_evaluations,2.795017
atmals-gsk,cec2013,21,10,40,91242824,1.1001938672e+03,4.0019386722e+02,100000,max_evaluations,3.175198
atmals-gsk,cec2013,21,10,41,92242861,1.1001938672e+03,4.0019386722e+02,100000,max_evaluations,2.808565
atmals-gsk,cec2013,21,10,42,93242898,1.1001938672e+03,4.0019386722e+02,100000,max_evaluations,2.662839
atmals-gsk,cec2013,21,10,43,94242935,1.1001938672e+03,4.0019386722e+02,100000,max_evaluations,2.780929
atmals-gsk,cec2013,21,10,44,95242972,1.1001938672e+03,4.0019386722e+02,100000,max_evaluations,2.798869
atmals-gsk,cec2013,21,10,45,96243009,1.1001938672e+03,4.0019386722e+02,100000,max_evaluations,2.704199
atmals-gsk,cec2013,21,10,46,97243046,1.1001938672e+03,4.0019386722e+02,100000,max_evaluations,1.999439
atmals-gsk,cec2013,21,10,47,98243083,1.1001938672e+03,4.0019386722e+02,100000,max_evaluations,2.030397
atmals-gsk,cec2013,21,10,48,99243120,1.1001938672e+03,4.0019386722e+02,100000,max_evaluations,2.127539
atmals-gsk,cec2013,21,10,49,100243157,9.0000000000e+02,2.0000000000e+02,100000,max_evaluations,2.060578
atmals-gsk,cec2013,21,10,50,101243194,1.1001938672e+03,4.0019386722e+02,100000,max_evaluations,2.093034
atmals-gsk,cec2013,21,10,51,102243231,1.1001938672e+03,4.0019386722e+02,100000,max_evaluations,1.911733
atmals-gsk,cec2013,22,10,1,53241414,1.4235191099e+03,6.2351910994e+02,100000,max_evaluations,1.548087
atmals-gsk,cec2013,22,10,2,54241451,1.0142629936e+03,2.1426299360e+02,100000,max_evaluations,1.540625
atmals-gsk,cec2013,22,10,3,55241488,1.0671720517e+03,2.6717205175e+02,100000,max_evaluations,1.631144
atmals-gsk,cec2013,22,10,4,56241525,1.2094583337e+03,4.0945833369e+02,100000,max_evaluations,1.701691
atmals-gsk,cec2013,22,10,5,57241562,1.3787833699e+03,5.7878336993e+02,100000,max_evaluations,1.807682
atmals-gsk,cec2013,22,10,6,58241599,1.1350057880e+03,3.3500578801e+02,100000,max_evaluations,1.785901
atmals-gsk,cec2013,22,10,7,59241636,1.0911575519e+03,2.9115755187e+02,100000,max_evaluations,1.736668
atmals-gsk,cec2013,22,10,8,60241673,1.0640876170e+03,2.6408761704e+02,100000,max_evaluations,1.768655
atmals-gsk,cec2013,22,10,9,61241710,8.6642717662e+02,6.6427176615e+01,100000,max_evaluations,1.744899
atmals-gsk,cec2013,22,10,10,62241747,1.3174520409e+03,5.1745204092e+02,100000,max_evaluations,1.470909
atmals-gsk,cec2013,22,10,11,63241784,1.0138575743e+03,2.1385757429e+02,100000,max_evaluations,1.627097
atmals-gsk,cec2013,22,10,12,64241821,1.1030223592e+03,3.0302235922e+02,100000,max_evaluations,1.640660
atmals-gsk,cec2013,22,10,13,65241858,1.1692127033e+03,3.6921270335e+02,100000,max_evaluations,1.677915
atmals-gsk,cec2013,22,10,14,66241895,1.1652841130e+03,3.6528411296e+02,100000,max_evaluations,1.554387
atmals-gsk,cec2013,22,10,15,67241932,1.0584435920e+03,2.5844359199e+02,100000,max_evaluations,1.592090
atmals-gsk,cec2013,22,10,16,68241969,1.0551367029e+03,2.5513670293e+02,100000,max_evaluations,2.480749
atmals-gsk,cec2013,22,10,17,69242006,1.1438805025e+03,3.4388050254e+02,100000,max_evaluations,2.575164
atmals-gsk,cec2013,22,10,18,70242043,1.1488481185e+03,3.4884811854e+02,100000,max_evaluations,2.520219
atmals-gsk,cec2013,22,10,19,71242080,1.2367888471e+03,4.3678884712e+02,100000,max_evaluations,2.519585
atmals-gsk,cec2013,22,10,20,72242117,1.1063066018e+03,3.0630660184e+02,100000,max_evaluations,2.702145
atmals-gsk,cec2013,22,10,21,73242154,1.2035843433e+03,4.0358434327e+02,100000,max_evaluations,2.419116
atmals-gsk,cec2013,22,10,22,74242191,1.3179289581e+03,5.1792895805e+02,100000,max_evaluations,3.175566
atmals-gsk,cec2013,22,10,23,75242228,1.1329029429e+03,3.3290294291e+02,100000,max_evaluations,2.850078
atmals-gsk,cec2013,22,10,24,76242265,1.0623949986e+03,2.6239499857e+02,100000,max_evaluations,2.433977
atmals-gsk,cec2013,22,10,25,77242302,1.2216403551e+03,4.2164035515e+02,100000,max_evaluations,3.141613
atmals-gsk,cec2013,22,10,26,78242339,1.1614571419e+03,3.6145714188e+02,100000,max_evaluations,2.701239
atmals-gsk,cec2013,22,10,27,79242376,8.3022503703e+02,3.0225037030e+01,100000,max_evaluations,3.089016
atmals-gsk,cec2013,22,10,28,80242413,1.2284935610e+03,4.2849356099e+02,100000,max_evaluations,2.955641
atmals-gsk,cec2013,22,10,29,81242450,1.2640489651e+03,4.6404896508e+02,100000,max_evaluations,3.157512
atmals-gsk,cec2013,22,10,30,82242487,1.1723550835e+03,3.7235508355e+02,100000,max_evaluations,2.967213
atmals-gsk,cec2013,22,10,31,83242524,1.0923144719e+03,2.9231447188e+02,100000,max_evaluations,2.443132
atmals-gsk,cec2013,22,10,32,84242561,1.4579066427e+03,6.5790664265e+02,100000,max_evaluations,2.585535
atmals-gsk,cec2013,22,10,33,85242598,1.1188996179e+03,3.1889961786e+02,100000,max_evaluations,2.531327
atmals-gsk,cec2013,22,10,34,86242635,1.4185632213e+03,6.1856322128e+02,100000,max_evaluations,2.663466
atmals-gsk,cec2013,22,10,35,87242672,1.3670035550e+03,5.6700355495e+02,100000,max_evaluations,2.453074
atmals-gsk,cec2013,22,10,36,88242709,1.2308251672e+03,4.3082516721e+02,100000,max_evaluations,2.675746
atmals-gsk,cec2013,22,10,37,89242746,1.1518234856e+03,3.5182348555e+02,100000,max_evaluations,2.585420
atmals-gsk,cec2013,22,10,38,90242783,1.1167302048e+03,3.1673020477e+02,100000,max_evaluations,2.667463
atmals-gsk,cec2013,22,10,39,91242820,1.4477007526e+03,6.4770075262e+02,100000,max_evaluations,2.462269
atmals-gsk,cec2013,22,10,40,92242857,1.5704452962e+03,7.7044529621e+02,100000,max_evaluations,2.906218
atmals-gsk,cec2013,22,10,41,93242894,1.2524166613e+03,4.5241666132e+02,100000,max_evaluations,2.882056
atmals-gsk,cec2013,22,10,42,94242931,1.0450775220e+03,2.4507752198e+02,100000,max_evaluations,3.052279
atmals-gsk,cec2013,22,10,43,95242968,9.1567551556e+02,1.1567551556e+02,100000,max_evaluations,2.954156
atmals-gsk,cec2013,22,10,44,96243005,1.1454917005e+03,3.4549170049e+02,100000,max_evaluations,3.005381
atmals-gsk,cec2013,22,10,45,97243042,1.1090694171e+03,3.0906941710e+02,100000,max_evaluations,2.887472
atmals-gsk,cec2013,22,10,46,98243079,9.6870506087e+02,1.6870506087e+02,100000,max_evaluations,2.448048
atmals-gsk,cec2013,22,10,47,99243116,9.9924061661e+02,1.9924061661e+02,100000,max_evaluations,1.971642
atmals-gsk,cec2013,22,10,48,100243153,1.2018547527e+03,4.0185475270e+02,100000,max_evaluations,2.071019
atmals-gsk,cec2013,22,10,49,101243190,1.3859954488e+03,5.8599544880e+02,100000,max_evaluations,1.881595
atmals-gsk,cec2013,22,10,50,102243227,9.4571342892e+02,1.4571342892e+02,100000,max_evaluations,2.020940
atmals-gsk,cec2013,22,10,51,103243264,1.3865387435e+03,5.8653874351e+02,100000,max_evaluations,1.874490
atmals-gsk,cec2013,23,10,1,54241447,1.7982212697e+03,8.9822126970e+02,100000,max_evaluations,1.911121
atmals-gsk,cec2013,23,10,2,55241484,1.1325864109e+03,2.3258641091e+02,100000,max_evaluations,1.890242
atmals-gsk,cec2013,23,10,3,56241521,2.0204597781e+03,1.1204597781e+03,100000,max_evaluations,2.251879
atmals-gsk,cec2013,23,10,4,57241558,1.4982716163e+03,5.9827161628e+02,100000,max_evaluations,2.155618
atmals-gsk,cec2013,23,10,5,58241595,1.7725763124e+03,8.7257631240e+02,100000,max_evaluations,1.878746
atmals-gsk,cec2013,23,10,6,59241632,1.4668819150e+03,5.6688191501e+02,100000,max_evaluations,2.072211
atmals-gsk,cec2013,23,10,7,60241669,1.5714969372e+03,6.7149693721e+02,100000,max_evaluations,2.080491
atmals-gsk,cec2013,23,10,8,61241706,1.6178554889e+03,7.1785548892e+02,100000,max_evaluations,2.100053
atmals-gsk,cec2013,23,10,9,62241743,1.3619909863e+03,4.6199098634e+02,100000,max_evaluations,1.895465
atmals-gsk,cec2013,23,10,10,63241780,1.9778776486e+03,1.0778776486e+03,100000,max_evaluations,1.833519
atmals-gsk,cec2013,23,10,11,64241817,1.5335231992e+03,6.3352319917e+02,100000,max_evaluations,1.712736
atmals-gsk,cec2013,23,10,12,65241854,1.4259461611e+03,5.2594616111e+02,100000,max_evaluations,1.852087
atmals-gsk,cec2013,23,10,13,66241891,1.3547828520e+03,4.5478285198e+02,100000,max_evaluations,1.848620
atmals-gsk,cec2013,23,10,14,67241928,1.7703797367e+03,8.7037973670e+02,100000,max_evaluations,1.773553
atmals-gsk,cec2013,23,10,15,68241965,1.3897794166e+03,4.8977941660e+02,100000,max_evaluations,1.719043
atmals-gsk,cec2013,23,10,16,69242002,1.5205002866e+03,6.2050028656e+02,100000,max_evaluations,2.588932
atmals-gsk,cec2013,23,10,17,70242039,1.1914534211e+03,2.9145342108e+02,100000,max_evaluations,2.539942
atmals-gsk,cec2013,23,10,18,71242076,1.9354621720e+03,1.0354621720e+03,100000,max_evaluations,2.588284
atmals-gsk,cec2013,23,10,19,72242113,2.0092704789e+03,1.1092704789e+03,100000,max_evaluations,2.635508
atmals-gsk,cec2013,23,10,20,73242150,1.9615619801e+03,1.0615619801e+03,100000,max_evaluations,2.424595
atmals-gsk,cec2013,23,10,21,74242187,1.9326985492e+03,1.0326985492e+03,100000,max_evaluations,2.643634
atmals-gsk,cec2013,23,10,22,75242224,1.6607575046e+03,7.6075750457e+02,100000,max_evaluations,2.898258
atmals-gsk,cec2013,23,10,23,76242261,1.2980818708e+03,3.9808187082e+02,100000,max_evaluations,2.625886
atmals-gsk,cec2013,23,10,24,77242298,1.9859899700e+03,1.0859899700e+03,100000,max_evaluations,3.252987
atmals-gsk,cec2013,23,10,25,78242335,1.6400483167e+03,7.4004831674e+02,100000,max_evaluations,2.569565
atmals-gsk,cec2013,23,10,26,79242372,1.3745555962e+03,4.7455559621e+02,100000,max_evaluations,3.253985
atmals-gsk,cec2013,23,10,27,80242409,1.8433828381e+03,9.4338283811e+02,100000,max_evaluations,3.306848
atmals-gsk,cec2013,23,10,28,81242446,1.9395794799e+03,1.0395794799e+03,100000,max_evaluations,3.006600
atmals-gsk,cec2013,23,10,29,82242483,1.9452989129e+03,1.0452989129e+03,100000,max_evaluations,2.827812
atmals-gsk,cec2013,23,10,30,83242520,1.9949535971e+03,1.0949535971e+03,100000,max_evaluations,3.133496
atmals-gsk,cec2013,23,10,31,84242557,1.5587863647e+03,6.5878636468e+02,100000,max_evaluations,2.786063
atmals-gsk,cec2013,23,10,32,85242594,2.1068642069e+03,1.2068642069e+03,100000,max_evaluations,2.559966
atmals-gsk,cec2013,23,10,33,86242631,1.7528888471e+03,8.5288884710e+02,100000,max_evaluations,2.632076
atmals-gsk,cec2013,23,10,34,87242668,1.7829692920e+03,8.8296929195e+02,100000,max_evaluations,2.536807
atmals-gsk,cec2013,23,10,35,88242705,1.9466094105e+03,1.0466094105e+03,100000,max_evaluations,2.777458
atmals-gsk,cec2013,23,10,36,89242742,1.5482240340e+03,6.4822403398e+02,100000,max_evaluations,2.640825
atmals-gsk,cec2013,23,10,37,90242779,1.2515815575e+03,3.5158155748e+02,100000,max_evaluations,2.652908
atmals-gsk,cec2013,23,10,38,91242816,1.5860107214e+03,6.8601072139e+02,100000,max_evaluations,2.593329
atmals-gsk,cec2013,23,10,39,92242853,1.6591572048e+03,7.5915720482e+02,100000,max_evaluations,2.908736
atmals-gsk,cec2013,23,10,40,93242890,1.8411758105e+03,9.4117581055e+02,100000,max_evaluations,2.956584
atmals-gsk,cec2013,23,10,41,94242927,1.7302255492e+03,8.3022554918e+02,100000,max_evaluations,2.834809
atmals-gsk,cec2013,23,10,42,95242964,1.9543655658e+03,1.0543655658e+03,100000,max_evaluations,2.962273
atmals-gsk,cec2013,23,10,43,96243001,1.9553206520e+03,1.0553206520e+03,100000,max_evaluations,2.899872
atmals-gsk,cec2013,23,10,44,97243038,1.7827771633e+03,8.8277716335e+02,100000,max_evaluations,2.935417
atmals-gsk,cec2013,23,10,45,98243075,1.9966040783e+03,1.0966040783e+03,100000,max_evaluations,2.905986
atmals-gsk,cec2013,23,10,46,99243112,1.7558958951e+03,8.5589589508e+02,100000,max_evaluations,2.095491
atmals-gsk,cec2013,23,10,47,100243149,1.5788676425e+03,6.7886764248e+02,100000,max_evaluations,2.199324
atmals-gsk,cec2013,23,10,48,101243186,1.7796775397e+03,8.7967753971e+02,100000,max_evaluations,2.102488
atmals-gsk,cec2013,23,10,49,102243223,1.8521431564e+03,9.5214315637e+02,100000,max_evaluations,2.101921
atmals-gsk,cec2013,23,10,50,103243260,1.5214765898e+03,6.2147658984e+02,100000,max_evaluations,2.210300
atmals-gsk,cec2013,23,10,51,104243297,2.0413186016e+03,1.1413186016e+03,100000,max_evaluations,2.039033
atmals-gsk,cec2013,24,10,1,55241480,1.2063040943e+03,2.0630409426e+02,100000,max_evaluations,2.483627
atmals-gsk,cec2013,24,10,2,56241517,1.2114442307e+03,2.1144423074e+02,100000,max_evaluations,2.577852
atmals-gsk,cec2013,24,10,3,57241554,1.2000006248e+03,2.0000062481e+02,100000,max_evaluations,3.010969
atmals-gsk,cec2013,24,10,4,58241591,1.2102139785e+03,2.1021397853e+02,100000,max_evaluations,3.103869
atmals-gsk,cec2013,24,10,5,59241628,1.2077903454e+03,2.0779034538e+02,100000,max_evaluations,2.893954
atmals-gsk,cec2013,24,10,6,60241665,1.2094727117e+03,2.0947271166e+02,100000,max_evaluations,3.128113
atmals-gsk,cec2013,24,10,7,61241702,1.2069252671e+03,2.0692526707e+02,100000,max_evaluations,2.968345
atmals-gsk,cec2013,24,10,8,62241739,1.2000002903e+03,2.0000029031e+02,100000,max_evaluations,3.157193
atmals-gsk,cec2013,24,10,9,63241776,1.2085696933e+03,2.0856969331e+02,100000,max_evaluations,2.980057
atmals-gsk,cec2013,24,10,10,64241813,1.2066712844e+03,2.0667128436e+02,100000,max_evaluations,2.433093
atmals-gsk,cec2013,24,10,11,65241850,1.2000000771e+03,2.0000007714e+02,100000,max_evaluations,2.442309
atmals-gsk,cec2013,24,10,12,66241887,1.2000015373e+03,2.0000153734e+02,100000,max_evaluations,2.499557
atmals-gsk,cec2013,24,10,13,67241924,1.2000003290e+03,2.0000032900e+02,100000,max_evaluations,2.480477
atmals-gsk,cec2013,24,10,14,68241961,1.2000031212e+03,2.0000312116e+02,100000,max_evaluations,2.651969
atmals-gsk,cec2013,24,10,15,69241998,1.2147566513e+03,2.1475665131e+02,100000,max_evaluations,2.574362
atmals-gsk,cec2013,24,10,16,70242035,1.2063848603e+03,2.0638486035e+02,100000,max_evaluations,3.168252
atmals-gsk,cec2013,24,10,17,71242072,1.2000004084e+03,2.0000040840e+02,100000,max_evaluations,3.316380
atmals-gsk,cec2013,24,10,18,72242109,1.2069993879e+03,2.0699938794e+02,100000,max_evaluations,3.289052
atmals-gsk,cec2013,24,10,19,73242146,1.2000017233e+03,2.0000172329e+02,100000,max_evaluations,3.433678
atmals-gsk,cec2013,24,10,20,74242183,1.2000000593e+03,2.0000005932e+02,100000,max_evaluations,3.471798
atmals-gsk,cec2013,24,10,21,75242220,1.2120396835e+03,2.1203968349e+02,100000,max_evaluations,3.377784
atmals-gsk,cec2013,24,10,22,76242257,1.1063626599e+03,1.0636265988e+02,100000,max_evaluations,3.444112
atmals-gsk,cec2013,24,10,23,77242294,1.2071207252e+03,2.0712072524e+02,100000,max_evaluations,3.471141
atmals-gsk,cec2013,24,10,24,78242331,1.2183302637e+03,2.1833026365e+02,100000,max_evaluations,3.931877
atmals-gsk,cec2013,24,10,25,79242368,1.2068883023e+03,2.0688830231e+02,100000,max_evaluations,4.145655
atmals-gsk,cec2013,24,10,26,80242405,1.2000031460e+03,2.0000314597e+02,100000,max_evaluations,4.176404
atmals-gsk,cec2013,24,10,27,81242442,1.2073918443e+03,2.0739184428e+02,100000,max_evaluations,4.047668
atmals-gsk,cec2013,24,10,28,82242479,1.2048178093e+03,2.0481780935e+02,100000,max_evaluations,4.091500
atmals-gsk,cec2013,24,10,29,83242516,1.2075750454e+03,2.0757504544e+02,100000,max_evaluations,4.179482
atmals-gsk,cec2013,24,10,30,84242553,1.2068929361e+03,2.0689293613e+02,100000,max_evaluations,4.034018
atmals-gsk,cec2013,24,10,31,85242590,1.2069534084e+03,2.0695340840e+02,100000,max_evaluations,3.144973
atmals-gsk,cec2013,24,10,32,86242627,1.2000002599e+03,2.0000025992e+02,100000,max_evaluations,3.241492
atmals-gsk,cec2013,24,10,33,87242664,1.2089932028e+03,2.0899320276e+02,100000,max_evaluations,3.255648
atmals-gsk,cec2013,24,10,34,88242701,1.2000006852e+03,2.0000068523e+02,100000,max_evaluations,3.392322
atmals-gsk,cec2013,24,10,35,89242738,1.2000049990e+03,2.0000499901e+02,100000,max_evaluations,3.187688
atmals-gsk,cec2013,24,10,36,90242775,1.2155258098e+03,2.1552580977e+02,100000,max_evaluations,3.383224
atmals-gsk,cec2013,24,10,37,91242812,1.1618075829e+03,1.6180758289e+02,100000,max_evaluations,3.470005
atmals-gsk,cec2013,24,10,38,92242849,1.2079668746e+03,2.0796687455e+02,100000,max_evaluations,3.186943
atmals-gsk,cec2013,24,10,39,93242886,1.2067920848e+03,2.0679208484e+02,100000,max_evaluations,3.806090
atmals-gsk,cec2013,24,10,40,94242923,1.2101220799e+03,2.1012207989e+02,100000,max_evaluations,3.396402
atmals-gsk,cec2013,24,10,41,95242960,1.2000013943e+03,2.0000139426e+02,100000,max_evaluations,3.691630
atmals-gsk,cec2013,24,10,42,96242997,1.1470569589e+03,1.4705695886e+02,100000,max_evaluations,3.903996
atmals-gsk,cec2013,24,10,43,97243034,1.2073579486e+03,2.0735794857e+02,100000,max_evaluations,3.853351
atmals-gsk,cec2013,24,10,44,98243071,1.1413211954e+03,1.4132119544e+02,100000,max_evaluations,3.717798
atmals-gsk,cec2013,24,10,45,99243108,1.1267031080e+03,1.2670310798e+02,100000,max_evaluations,3.574344
atmals-gsk,cec2013,24,10,46,100243145,1.2139655611e+03,2.1396556114e+02,100000,max_evaluations,3.072304
atmals-gsk,cec2013,24,10,47,101243182,1.2000191414e+03,2.0001914142e+02,100000,max_evaluations,2.731404
atmals-gsk,cec2013,24,10,48,102243219,1.2000005505e+03,2.0000055051e+02,100000,max_evaluations,2.716478
atmals-gsk,cec2013,24,10,49,103243256,1.2108998558e+03,2.1089985576e+02,100000,max_evaluations,2.759482
atmals-gsk,cec2013,24,10,50,104243293,1.2000003440e+03,2.0000034398e+02,100000,max_evaluations,2.640507
atmals-gsk,cec2013,24,10,51,105243330,1.2069517728e+03,2.0695177277e+02,100000,max_evaluations,2.762936
atmals-gsk,cec2013,25,10,1,56241513,1.3002681056e+03,2.0026810564e+02,100000,max_evaluations,2.110739
atmals-gsk,cec2013,25,10,2,57241550,1.3061059916e+03,2.0610599159e+02,100000,max_evaluations,2.023256
atmals-gsk,cec2013,25,10,3,58241587,1.3069955292e+03,2.0699552922e+02,100000,max_evaluations,2.533713
atmals-gsk,cec2013,25,10,4,59241624,1.3108790395e+03,2.1087903954e+02,100000,max_evaluations,2.425999
atmals-gsk,cec2013,25,10,5,60241661,1.3000200395e+03,2.0002003947e+02,100000,max_evaluations,2.250556
atmals-gsk,cec2013,25,10,6,61241698,1.3061053809e+03,2.0610538088e+02,100000,max_evaluations,2.442079
atmals-gsk,cec2013,25,10,7,62241735,1.3075794817e+03,2.0757948174e+02,100000,max_evaluations,2.479348
atmals-gsk,cec2013,25,10,8,63241772,1.3000041445e+03,2.0000414450e+02,100000,max_evaluations,2.489510
atmals-gsk,cec2013,25,10,9,64241809,1.3061002136e+03,2.0610021362e+02,100000,max_evaluations,2.159125
atmals-gsk,cec2013,25,10,10,65241846,1.3124087561e+03,2.1240875606e+02,100000,max_evaluations,2.204147
atmals-gsk,cec2013,25,10,11,66241883,1.3045400899e+03,2.0454008987e+02,100000,max_evaluations,2.028534
atmals-gsk,cec2013,25,10,12,67241920,1.3000145083e+03,2.0001450827e+02,100000,max_evaluations,2.161484
atmals-gsk,cec2013,25,10,13,68241957,1.3061057505e+03,2.0610575051e+02,100000,max_evaluations,1.941377
atmals-gsk,cec2013,25,10,14,69241994,1.3000222358e+03,2.0002223579e+02,100000,max_evaluations,2.179260
atmals-gsk,cec2013,25,10,15,70242031,1.3012731713e+03,2.0127317129e+02,100000,max_evaluations,2.178765
atmals-gsk,cec2013,25,10,16,71242068,1.3073241444e+03,2.0732414445e+02,100000,max_evaluations,3.235717
atmals-gsk,cec2013,25,10,17,72242105,1.3062024062e+03,2.0620240621e+02,100000,max_evaluations,3.411525
atmals-gsk,cec2013,25,10,18,73242142,1.3000050065e+03,2.0000500646e+02,100000,max_evaluations,3.241833
atmals-gsk,cec2013,25,10,19,74242179,1.3061077215e+03,2.0610772150e+02,100000,max_evaluations,3.148795
atmals-gsk,cec2013,25,10,20,75242216,1.3000019955e+03,2.0000199555e+02,100000,max_evaluations,4.011223
atmals-gsk,cec2013,25,10,21,76242253,1.3000162064e+03,2.0001620635e+02,100000,max_evaluations,3.342167
atmals-gsk,cec2013,25,10,22,77242290,1.3045423721e+03,2.0454237214e+02,100000,max_evaluations,3.315576
atmals-gsk,cec2013,25,10,23,78242327,1.3018735112e+03,2.0187351117e+02,100000,max_evaluations,3.476090
atmals-gsk,cec2013,25,10,24,79242364,1.3092584061e+03,2.0925840613e+02,100000,max_evaluations,3.343980
atmals-gsk,cec2013,25,10,25,80242401,1.3141027461e+03,2.1410274605e+02,100000,max_evaluations,3.809148
atmals-gsk,cec2013,25,10,26,81242438,1.3000218006e+03,2.0002180055e+02,100000,max_evaluations,3.833915
atmals-gsk,cec2013,25,10,27,82242475,1.3001893456e+03,2.0018934556e+02,100000,max_evaluations,3.893883
atmals-gsk,cec2013,25,10,28,83242512,1.3062487106e+03,2.0624871062e+02,100000,max_evaluations,4.078722
atmals-gsk,cec2013,25,10,29,84242549,1.3118582678e+03,2.1185826780e+02,100000,max_evaluations,4.027198
atmals-gsk,cec2013,25,10,30,85242586,1.3000551365e+03,2.0005513649e+02,100000,max_evaluations,4.452049
atmals-gsk,cec2013,25,10,31,86242623,1.3061214150e+03,2.0612141496e+02,100000,max_evaluations,3.198890
atmals-gsk,cec2013,25,10,32,87242660,1.3061232493e+03,2.0612324926e+02,100000,max_evaluations,3.327255
atmals-gsk,cec2013,25,10,33,88242697,1.3061215252e+03,2.0612152525e+02,100000,max_evaluations,3.228305
atmals-gsk,cec2013,25,10,34,89242734,1.3000018754e+03,2.0000187542e+02,100000,max_evaluations,3.296954
atmals-gsk,cec2013,25,10,35,90242771,1.3131682460e+03,2.1316824596e+02,100000,max_evaluations,3.325669
atmals-gsk,cec2013,25,10,36,91242808,1.3052262877e+03,2.0522628773e+02,100000,max_evaluations,3.323763
atmals-gsk,cec2013,25,10,37,92242845,1.3134624549e+03,2.1346245488e+02,100000,max_evaluations,3.361456
atmals-gsk,cec2013,25,10,38,93242882,1.3000014085e+03,2.0000140854e+02,100000,max_evaluations,3.168455
atmals-gsk,cec2013,25,10,39,94242919,1.3061263005e+03,2.0612630051e+02,100000,max_evaluations,3.862329
atmals-gsk,cec2013,25,10,40,95242956,1.3086406445e+03,2.0864064448e+02,100000,max_evaluations,3.886160
atmals-gsk,cec2013,25,10,41,96242993,1.3000467614e+03,2.0004676139e+02,100000,max_evaluations,3.700316
atmals-gsk,cec2013,25,10,42,97243030,1.3045400899e+03,2.0454008987e+02,100000,max_evaluations,3.777879
atmals-gsk,cec2013,25,10,43,98243067,1.3061149220e+03,2.0611492199e+02,100000,max_evaluations,3.656055
atmals-gsk,cec2013,25,10,44,99243104,1.3061226716e+03,2.0612267158e+02,100000,max_evaluations,3.703639
atmals-gsk,cec2013,25,10,45,100243141,1.3000457366e+03,2.0004573663e+02,100000,max_evaluations,3.738757
atmals-gsk,cec2013,25,10,46,101243178,1.3122672234e+03,2.1226722342e+02,100000,max_evaluations,2.995286
atmals-gsk,cec2013,25,10,47,102243215,1.3000294422e+03,2.0002944224e+02,100000,max_evaluations,2.921057
atmals-gsk,cec2013,25,10,48,103243252,1.3000227834e+03,2.0002278344e+02,100000,max_evaluations,2.591112
atmals-gsk,cec2013,25,10,49,104243289,1.3001408072e+03,2.0014080722e+02,100000,max_evaluations,2.992886
atmals-gsk,cec2013,25,10,50,105243326,1.3065166176e+03,2.0651661756e+02,100000,max_evaluations,2.647507
atmals-gsk,cec2013,25,10,51,106243363,1.3172366662e+03,2.1723666621e+02,100000,max_evaluations,2.794861
atmals-gsk,cec2013,26,10,1,57241546,1.3320046412e+03,1.3200464123e+02,100000,max_evaluations,2.621839
atmals-gsk,cec2013,26,10,2,58241583,1.3217084363e+03,1.2170843632e+02,100000,max_evaluations,2.328777
atmals-gsk,cec2013,26,10,3,59241620,1.4000173852e+03,2.0001738523e+02,100000,max_evaluations,2.634317
atmals-gsk,cec2013,26,10,4,60241657,1.4000173852e+03,2.0001738523e+02,100000,max_evaluations,2.538172
atmals-gsk,cec2013,26,10,5,61241694,1.3149657476e+03,1.1496574757e+02,100000,max_evaluations,2.727747
atmals-gsk,cec2013,26,10,6,62241731,1.3200303433e+03,1.2003034330e+02,100000,max_evaluations,2.859384
atmals-gsk,cec2013,26,10,7,63241768,1.4000173852e+03,2.0001738523e+02,100000,max_evaluations,2.752239
atmals-gsk,cec2013,26,10,8,64241805,1.4000173852e+03,2.0001738523e+02,100000,max_evaluations,2.611572
atmals-gsk,cec2013,26,10,9,65241842,1.4000173852e+03,2.0001738523e+02,100000,max_evaluations,2.517886
atmals-gsk,cec2013,26,10,10,66241879,1.4000173852e+03,2.0001738523e+02,100000,max_evaluations,2.417712
atmals-gsk,cec2013,26,10,11,67241916,1.3132641828e+03,1.1326418278e+02,100000,max_evaluations,2.400326
atmals-gsk,cec2013,26,10,12,68241953,1.4000173852e+03,2.0001738523e+02,100000,max_evaluations,2.266146
atmals-gsk,cec2013,26,10,13,69241990,1.4000173852e+03,2.0001738523e+02,100000,max_evaluations,2.410215
atmals-gsk,cec2013,26,10,14,70242027,1.4000173852e+03,2.0001738523e+02,100000,max_evaluations,2.479574
atmals-gsk,cec2013,26,10,15,71242064,1.4000173852e+03,2.0001738523e+02,100000,max_evaluations,2.434868
atmals-gsk,cec2013,26,10,16,72242101,1.4000173852e+03,2.0001738523e+02,100000,max_evaluations,3.873398
atmals-gsk,cec2013,26,10,17,73242138,1.3368686754e+03,1.3686867535e+02,100000,max_evaluations,3.825147
atmals-gsk,cec2013,26,10,18,74242175,1.3412348033e+03,1.4123480327e+02,100000,max_evaluations,3.589221
atmals-gsk,cec2013,26,10,19,75242212,1.3249629564e+03,1.2496295641e+02,100000,max_evaluations,3.812039
atmals-gsk,cec2013,26,10,20,76242249,1.4000173852e+03,2.0001738523e+02,100000,max_evaluations,3.389319
atmals-gsk,cec2013,26,10,21,77242286,1.4000173852e+03,2.0001738523e+02,100000,max_evaluations,3.529199
atmals-gsk,cec2013,26,10,22,78242323,1.3249491957e+03,1.2494919574e+02,100000,max_evaluations,3.858056
atmals-gsk,cec2013,26,10,23,79242360,1.4000173852e+03,2.0001738523e+02,100000,max_evaluations,3.924896
atmals-gsk,cec2013,26,10,24,80242397,1.3423200132e+03,1.4232001323e+02,100000,max_evaluations,4.127486
atmals-gsk,cec2013,26,10,25,81242434,1.4000173852e+03,2.0001738523e+02,100000,max_evaluations,3.701288
atmals-gsk,cec2013,26,10,26,82242471,1.4000173852e+03,2.0001738523e+02,100000,max_evaluations,3.527289
atmals-gsk,cec2013,26,10,27,83242508,1.3251102799e+03,1.2511027993e+02,100000,max_evaluations,4.034882
atmals-gsk,cec2013,26,10,28,84242545,1.3132393183e+03,1.1323931827e+02,100000,max_evaluations,4.232184
atmals-gsk,cec2013,26,10,29,85242582,1.3214729083e+03,1.2147290834e+02,100000,max_evaluations,4.125974
atmals-gsk,cec2013,26,10,30,86242619,1.4000173852e+03,2.0001738523e+02,100000,max_evaluations,3.979821
atmals-gsk,cec2013,26,10,31,87242656,1.3229852408e+03,1.2298524080e+02,100000,max_evaluations,3.634958
atmals-gsk,cec2013,26,10,32,88242693,1.4000173852e+03,2.0001738523e+02,100000,max_evaluations,3.621739
atmals-gsk,cec2013,26,10,33,89242730,1.4000173852e+03,2.0001738523e+02,100000,max_evaluations,3.894212
atmals-gsk,cec2013,26,10,34,90242767,1.4000173852e+03,2.0001738523e+02,100000,max_evaluations,3.624832
atmals-gsk,cec2013,26,10,35,91242804,1.4000173852e+03,2.0001738523e+02,100000,max_evaluations,3.554319
atmals-gsk,cec2013,26,10,36,92242841,1.4000173852e+03,2.0001738523e+02,100000,max_evaluations,3.735147
atmals-gsk,cec2013,26,10,37,93242878,1.4000173852e+03,2.0001738523e+02,100000,max_evaluations,3.612871
atmals-gsk,cec2013,26,10,38,94242915,1.4000173852e+03,2.0001738523e+02,100000,max_evaluations,4.052271
atmals-gsk,cec2013,26,10,39,95242952,1.3060669686e+03,1.0606696858e+02,100000,max_evaluations,3.789247
atmals-gsk,cec2013,26,10,40,96242989,1.4000173852e+03,2.0001738523e+02,100000,max_evaluations,3.958177
atmals-gsk,cec2013,26,10,41,97243026,1.3061037785e+03,1.0610377848e+02,100000,max_evaluations,4.237853
atmals-gsk,cec2013,26,10,42,98243063,1.4000173852e+03,2.0001738523e+02,100000,max_evaluations,3.820054
atmals-gsk,cec2013,26,10,43,99243100,1.4000173852e+03,2.0001738523e+02,100000,max_evaluations,3.915011
atmals-gsk,cec2013,26,10,44,100243137,1.4000173852e+03,2.0001738523e+02,100000,max_evaluations,3.945403
atmals-gsk,cec2013,26,10,45,101243174,1.4000173852e+03,2.0001738523e+02,100000,max_evaluations,3.944192
atmals-gsk,cec2013,26,10,46,102243211,1.4000173852e+03,2.0001738523e+02,100000,max_evaluations,2.898989
atmals-gsk,cec2013,26,10,47,103243248,1.4000173852e+03,2.0001738523e+02,100000,max_evaluations,2.741508
atmals-gsk,cec2013,26,10,48,104243285,1.3388911346e+03,1.3889113465e+02,100000,max_evaluations,2.974080
atmals-gsk,cec2013,26,10,49,105243322,1.4000173852e+03,2.0001738523e+02,100000,max_evaluations,2.649079
atmals-gsk,cec2013,26,10,50,106243359,1.3040272308e+03,1.0402723080e+02,100000,max_evaluations,3.013535
atmals-gsk,cec2013,26,10,51,107243396,1.3140721196e+03,1.1407211965e+02,100000,max_evaluations,2.851324
atmals-gsk,cec2013,27,10,1,58241579,1.6000035641e+03,3.0000356409e+02,100000,max_evaluations,2.090441
atmals-gsk,cec2013,27,10,2,59241616,1.6000001937e+03,3.0000019371e+02,100000,max_evaluations,2.202330
atmals-gsk,cec2013,27,10,3,60241653,1.6000000022e+03,3.0000000222e+02,100000,max_evaluations,2.209831
atmals-gsk,cec2013,27,10,4,61241690,1.6000001180e+03,3.0000011797e+02,100000,max_evaluations,2.352715
atmals-gsk,cec2013,27,10,5,62241727,1.6000000001e+03,3.0000000005e+02,100000,max_evaluations,2.215973
atmals-gsk,cec2013,27,10,6,63241764,1.8128224778e+03,5.1282247783e+02,100000,max_evaluations,2.367338
atmals-gsk,cec2013,27,10,7,64241801,1.6000000001e+03,3.0000000012e+02,100000,max_evaluations,2.250654
atmals-gsk,cec2013,27,10,8,65241838,1.7000000000e+03,4.0000000000e+02,100000,max_evaluations,2.227396
atmals-gsk,cec2013,27,10,9,66241875,1.6000000005e+03,3.0000000050e+02,100000,max_evaluations,2.237857
atmals-gsk,cec2013,27,10,10,67241912,1.6000000000e+03,3.0000000000e+02,100000,max_evaluations,2.149416
atmals-gsk,cec2013,27,10,11,68241949,1.6000000000e+03,3.0000000002e+02,100000,max_evaluations,2.093997
atmals-gsk,cec2013,27,10,12,69241986,1.6000002171e+03,3.0000021710e+02,100000,max_evaluations,2.060589
atmals-gsk,cec2013,27,10,13,70242023,1.7000000000e+03,4.0000000000e+02,100000,max_evaluations,2.047339
atmals-gsk,cec2013,27,10,14,71242060,1.7000000000e+03,4.0000000000e+02,100000,max_evaluations,2.317811
atmals-gsk,cec2013,27,10,15,72242097,1.6000000000e+03,3.0000000000e+02,100000,max_evaluations,2.159928
atmals-gsk,cec2013,27,10,16,73242134,1.6000159553e+03,3.0001595531e+02,100000,max_evaluations,3.610148
atmals-gsk,cec2013,27,10,17,74242171,1.6000000002e+03,3.0000000019e+02,100000,max_evaluations,3.547658
atmals-gsk,cec2013,27,10,18,75242208,1.7000000000e+03,4.0000000000e+02,100000,max_evaluations,3.760658
atmals-gsk,cec2013,27,10,19,76242245,1.6000000001e+03,3.0000000009e+02,100000,max_evaluations,3.508677
atmals-gsk,cec2013,27,10,20,77242282,1.6000001150e+03,3.0000011502e+02,100000,max_evaluations,3.608060
atmals-gsk,cec2013,27,10,21,78242319,1.6000000014e+03,3.0000000137e+02,100000,max_evaluations,3.541117
atmals-gsk,cec2013,27,10,22,79242356,1.6000000000e+03,3.0000000005e+02,100000,max_evaluations,3.598157
atmals-gsk,cec2013,27,10,23,80242393,1.8186016093e+03,5.1860160929e+02,100000,max_evaluations,4.070289
atmals-gsk,cec2013,27,10,24,81242430,1.6000000000e+03,3.0000000000e+02,100000,max_evaluations,4.816216
atmals-gsk,cec2013,27,10,25,82242467,1.6000000129e+03,3.0000001291e+02,100000,max_evaluations,4.025125
atmals-gsk,cec2013,27,10,26,83242504,1.6000011787e+03,3.0000117869e+02,100000,max_evaluations,4.360068
atmals-gsk,cec2013,27,10,27,84242541,1.6000000057e+03,3.0000000568e+02,100000,max_evaluations,3.933699
atmals-gsk,cec2013,27,10,28,85242578,1.6000000000e+03,3.0000000000e+02,100000,max_evaluations,3.559197
atmals-gsk,cec2013,27,10,29,86242615,1.6000011926e+03,3.0000119265e+02,100000,max_evaluations,4.805942
atmals-gsk,cec2013,27,10,30,87242652,1.7800822586e+03,4.8008225862e+02,100000,max_evaluations,4.668985
atmals-gsk,cec2013,27,10,31,88242689,1.6000000119e+03,3.0000001192e+02,100000,max_evaluations,4.143405
atmals-gsk,cec2013,27,10,32,89242726,1.6000000002e+03,3.0000000022e+02,100000,max_evaluations,4.119348
atmals-gsk,cec2013,27,10,33,90242763,1.6000000000e+03,3.0000000000e+02,100000,max_evaluations,4.190086
atmals-gsk,cec2013,27,10,34,91242800,1.6000000025e+03,3.0000000245e+02,100000,max_evaluations,4.037979
atmals-gsk,cec2013,27,10,35,92242837,1.6000000000e+03,3.0000000000e+02,100000,max_evaluations,4.153568
atmals-gsk,cec2013,27,10,36,93242874,1.6000000002e+03,3.0000000025e+02,100000,max_evaluations,4.176456
atmals-gsk,cec2013,27,10,37,94242911,1.6000000000e+03,3.0000000005e+02,100000,max_evaluations,4.047141
atmals-gsk,cec2013,27,10,38,95242948,1.7820327364e+03,4.8203273640e+02,100000,max_evaluations,4.204874
atmals-gsk,cec2013,27,10,39,96242985,1.8135443304e+03,5.1354433040e+02,100000,max_evaluations,4.834219
atmals-gsk,cec2013,27,10,40,97243022,1.7000000000e+03,4.0000000000e+02,100000,max_evaluations,4.550960
atmals-gsk,cec2013,27,10,41,98243059,1.8294416530e+03,5.2944165301e+02,100000,max_evaluations,4.944736
atmals-gsk,cec2013,27,10,42,99243096,1.6000009216e+03,3.0000092157e+02,100000,max_evaluations,4.794160
atmals-gsk,cec2013,27,10,43,100243133,1.6000012279e+03,3.0000122786e+02,100000,max_evaluations,4.757525
atmals-gsk,cec2013,27,10,44,101243170,1.8244336538e+03,5.2443365382e+02,100000,max_evaluations,4.859641
atmals-gsk,cec2013,27,10,45,102243207,1.6000000000e+03,3.0000000000e+02,100000,max_evaluations,4.688114
atmals-gsk,cec2013,27,10,46,103243244,1.6000050841e+03,3.0000508414e+02,100000,max_evaluations,3.255252
atmals-gsk,cec2013,27,10,47,104243281,1.6000000061e+03,3.0000000613e+02,100000,max_evaluations,3.302768
atmals-gsk,cec2013,27,10,48,105243318,1.8132861961e+03,5.1328619607e+02,100000,max_evaluations,3.521873
atmals-gsk,cec2013,27,10,49,106243355,1.6000000000e+03,3.0000000001e+02,100000,max_evaluations,3.248683
atmals-gsk,cec2013,27,10,50,107243392,1.6000019820e+03,3.0000198204e+02,100000,max_evaluations,3.333842
atmals-gsk,cec2013,27,10,51,108243429,1.6000026976e+03,3.0000269755e+02,100000,max_evaluations,3.425750
atmals-gsk,cec2013,28,10,1,59241612,1.7000000000e+03,3.0000000000e+02,100000,max_evaluations,2.534530
atmals-gsk,cec2013,28,10,2,60241649,1.7000000000e+03,3.0000000000e+02,100000,max_evaluations,2.635054
atmals-gsk,cec2013,28,10,3,61241686,1.7000000000e+03,3.0000000000e+02,100000,max_evaluations,2.896924
atmals-gsk,cec2013,28,10,4,62241723,1.5000000000e+03,1.0000000000e+02,100000,max_evaluations,3.139246
atmals-gsk,cec2013,28,10,5,63241760,1.7000000000e+03,3.0000000000e+02,100000,max_evaluations,2.819515
atmals-gsk,cec2013,28,10,6,64241797,1.7000000000e+03,3.0000000000e+02,100000,max_evaluations,2.911106
atmals-gsk,cec2013,28,10,7,65241834,1.7000000000e+03,3.0000000000e+02,100000,max_evaluations,3.064027
atmals-gsk,cec2013,28,10,8,66241871,1.7000000000e+03,3.0000000000e+02,100000,max_evaluations,3.002815
atmals-gsk,cec2013,28,10,9,67241908,1.7000000000e+03,3.0000000000e+02,100000,max_evaluations,3.040216
atmals-gsk,cec2013,28,10,10,68241945,1.7000000000e+03,3.0000000000e+02,100000,max_evaluations,2.500256
atmals-gsk,cec2013,28,10,11,69241982,1.7000000000e+03,3.0000000000e+02,100000,max_evaluations,2.674853
atmals-gsk,cec2013,28,10,12,70242019,1.5000000000e+03,1.0000000000e+02,100000,max_evaluations,2.875017
atmals-gsk,cec2013,28,10,13,71242056,1.7000000000e+03,3.0000000000e+02,100000,max_evaluations,2.571426
atmals-gsk,cec2013,28,10,14,72242093,1.5000000000e+03,1.0000000000e+02,100000,max_evaluations,2.882590
atmals-gsk,cec2013,28,10,15,73242130,1.7000000000e+03,3.0000000000e+02,100000,max_evaluations,2.620186
atmals-gsk,cec2013,28,10,16,74242167,1.7000000000e+03,3.0000000000e+02,100000,max_evaluations,2.969909
atmals-gsk,cec2013,28,10,17,75242204,1.7000000000e+03,3.0000000000e+02,100000,max_evaluations,2.972640
atmals-gsk,cec2013,28,10,18,76242241,1.5000000000e+03,1.0000000000e+02,100000,max_evaluations,3.201291
atmals-gsk,cec2013,28,10,19,77242278,1.7000000000e+03,3.0000000000e+02,100000,max_evaluations,3.189450
atmals-gsk,cec2013,28,10,20,78242315,1.7000000000e+03,3.0000000000e+02,100000,max_evaluations,2.876892
atmals-gsk,cec2013,28,10,21,79242352,1.5000000000e+03,1.0000000000e+02,100000,max_evaluations,3.305719
atmals-gsk,cec2013,28,10,22,80242389,1.7000000000e+03,3.0000000000e+02,100000,max_evaluations,3.213460
atmals-gsk,cec2013,28,10,23,81242426,1.7000000000e+03,3.0000000000e+02,100000,max_evaluations,3.139176
atmals-gsk,cec2013,28,10,24,82242463,1.7000000000e+03,3.0000000000e+02,100000,max_evaluations,2.981860
atmals-gsk,cec2013,28,10,25,83242500,1.7000000000e+03,3.0000000000e+02,100000,max_evaluations,3.415097
atmals-gsk,cec2013,28,10,26,84242537,1.7000000000e+03,3.0000000000e+02,100000,max_evaluations,3.418863
atmals-gsk,cec2013,28,10,27,85242574,1.7000000000e+03,3.0000000000e+02,100000,max_evaluations,3.525854
atmals-gsk,cec2013,28,10,28,86242611,1.7000000000e+03,3.0000000000e+02,100000,max_evaluations,3.215195
atmals-gsk,cec2013,28,10,29,87242648,1.7000000000e+03,3.0000000000e+02,100000,max_evaluations,3.418768
atmals-gsk,cec2013,28,10,30,88242685,1.7000000000e+03,3.0000000000e+02,100000,max_evaluations,3.548392
atmals-gsk,cec2013,28,10,31,89242722,1.5000000000e+03,1.0000000000e+02,100000,max_evaluations,3.004294
atmals-gsk,cec2013,28,10,32,90242759,1.7000000000e+03,3.0000000000e+02,100000,max_evaluations,3.128812
atmals-gsk,cec2013,28,10,33,91242796,1.7000000000e+03,3.0000000000e+02,100000,max_evaluations,2.832996
atmals-gsk,cec2013,28,10,34,92242833,1.7000000000e+03,3.0000000000e+02,100000,max_evaluations,2.819226
atmals-gsk,cec2013,28,10,35,93242870,1.7000000000e+03,3.0000000000e+02,100000,max_evaluations,2.790194
atmals-gsk,cec2013,28,10,36,94242907,1.7000000000e+03,3.0000000000e+02,100000,max_evaluations,2.824332
atmals-gsk,cec2013,28,10,37,95242944,1.5000000000e+03,1.0000000000e+02,100000,max_evaluations,2.936194
atmals-gsk,cec2013,28,10,38,96242981,1.7000000000e+03,3.0000000000e+02,100000,max_evaluations,2.679854
atmals-gsk,cec2013,28,10,39,97243018,1.7000000000e+03,3.0000000000e+02,100000,max_evaluations,3.009328
atmals-gsk,cec2013,28,10,40,98243055,1.7000000000e+03,3.0000000000e+02,100000,max_evaluations,2.841832
atmals-gsk,cec2013,28,10,41,99243092,1.7000000000e+03,3.0000000000e+02,100000,max_evaluations,2.818375
atmals-gsk,cec2013,28,10,42,100243129,1.7000000000e+03,3.0000000000e+02,100000,max_evaluations,3.071683
atmals-gsk,cec2013,28,10,43,101243166,1.7000000000e+03,3.0000000000e+02,100000,max_evaluations,2.990153
atmals-gsk,cec2013,28,10,44,102243203,1.7000000000e+03,3.0000000000e+02,100000,max_evaluations,2.759840
atmals-gsk,cec2013,28,10,45,103243240,1.7000000000e+03,3.0000000000e+02,100000,max_evaluations,2.876381
atmals-gsk,cec2013,28,10,46,104243277,1.7000000000e+03,3.0000000000e+02,100000,max_evaluations,2.302126
atmals-gsk,cec2013,28,10,47,105243314,1.7000000000e+03,3.0000000000e+02,100000,max_evaluations,2.248418
atmals-gsk,cec2013,28,10,48,106243351,1.7000000000e+03,3.0000000000e+02,100000,max_evaluations,2.333791
atmals-gsk,cec2013,28,10,49,107243388,1.7000000000e+03,3.0000000000e+02,100000,max_evaluations,2.255457
atmals-gsk,cec2013,28,10,50,108243425,1.7000000000e+03,3.0000000000e+02,100000,max_evaluations,2.185647
atmals-gsk,cec2013,28,10,51,109243462,1.7000000000e+03,3.0000000000e+02,100000,max_evaluations,2.249570
atmals-gsk,cec2013,1,30,1,52240781,-1.4000000000e+03,0.0000000000e+00,300000,max_evaluations,7.894933
atmals-gsk,cec2013,1,30,2,53240818,-1.4000000000e+03,0.0000000000e+00,300000,max_evaluations,7.961728
atmals-gsk,cec2013,1,30,3,54240855,-1.4000000000e+03,0.0000000000e+00,300000,max_evaluations,9.120792
atmals-gsk,cec2013,1,30,4,55240892,-1.4000000000e+03,0.0000000000e+00,300000,max_evaluations,9.332847
atmals-gsk,cec2013,1,30,5,56240929,-1.4000000000e+03,0.0000000000e+00,300000,max_evaluations,9.388241
atmals-gsk,cec2013,1,30,6,57240966,-1.4000000000e+03,0.0000000000e+00,300000,max_evaluations,9.293736
atmals-gsk,cec2013,1,30,7,58241003,-1.4000000000e+03,0.0000000000e+00,300000,max_evaluations,9.319553
atmals-gsk,cec2013,1,30,8,59241040,-1.4000000000e+03,0.0000000000e+00,300000,max_evaluations,9.859503
atmals-gsk,cec2013,1,30,9,60241077,-1.4000000000e+03,0.0000000000e+00,300000,max_evaluations,9.767435
atmals-gsk,cec2013,1,30,10,61241114,-1.4000000000e+03,0.0000000000e+00,300000,max_evaluations,7.728837
atmals-gsk,cec2013,1,30,11,62241151,-1.4000000000e+03,0.0000000000e+00,300000,max_evaluations,7.746049
atmals-gsk,cec2013,1,30,12,63241188,-1.4000000000e+03,0.0000000000e+00,300000,max_evaluations,7.718753
atmals-gsk,cec2013,1,30,13,64241225,-1.4000000000e+03,0.0000000000e+00,300000,max_evaluations,7.819856
atmals-gsk,cec2013,1,30,14,65241262,-1.4000000000e+03,0.0000000000e+00,300000,max_evaluations,7.739595
atmals-gsk,cec2013,1,30,15,66241299,-1.4000000000e+03,0.0000000000e+00,300000,max_evaluations,7.970780
atmals-gsk,cec2013,1,30,16,67241336,-1.4000000000e+03,0.0000000000e+00,300000,max_evaluations,8.590212
atmals-gsk,cec2013,1,30,17,68241373,-1.4000000000e+03,0.0000000000e+00,300000,max_evaluations,8.813030
atmals-gsk,cec2013,1,30,18,69241410,-1.4000000000e+03,0.0000000000e+00,300000,max_evaluations,8.809274
atmals-gsk,cec2013,1,30,19,70241447,-1.4000000000e+03,0.0000000000e+00,300000,max_evaluations,8.758039
atmals-gsk,cec2013,1,30,20,71241484,-1.4000000000e+03,0.0000000000e+00,300000,max_evaluations,8.805130
atmals-gsk,cec2013,1,30,21,72241521,-1.4000000000e+03,0.0000000000e+00,300000,max_evaluations,9.027132
atmals-gsk,cec2013,1,30,22,73241558,-1.4000000000e+03,0.0000000000e+00,300000,max_evaluations,8.488979
atmals-gsk,cec2013,1,30,23,74241595,-1.4000000000e+03,0.0000000000e+00,300000,max_evaluations,8.860796
atmals-gsk,cec2013,1,30,24,75241632,-1.4000000000e+03,0.0000000000e+00,300000,max_evaluations,10.694396
atmals-gsk,cec2013,1,30,25,76241669,-1.4000000000e+03,0.0000000000e+00,300000,max_evaluations,10.479259
atmals-gsk,cec2013,1,30,26,77241706,-1.4000000000e+03,0.0000000000e+00,300000,max_evaluations,10.698484
atmals-gsk,cec2013,1,30,27,78241743,-1.4000000000e+03,0.0000000000e+00,300000,max_evaluations,10.178365
atmals-gsk,cec2013,1,30,28,79241780,-1.4000000000e+03,0.0000000000e+00,300000,max_evaluations,10.928620
atmals-gsk,cec2013,1,30,29,80241817,-1.4000000000e+03,0.0000000000e+00,300000,max_evaluations,10.601411
atmals-gsk,cec2013,1,30,30,81241854,-1.4000000000e+03,0.0000000000e+00,300000,max_evaluations,10.107641
atmals-gsk,cec2013,1,30,31,82241891,-1.4000000000e+03,0.0000000000e+00,300000,max_evaluations,8.823035
atmals-gsk,cec2013,1,30,32,83241928,-1.4000000000e+03,0.0000000000e+00,300000,max_evaluations,8.575231
atmals-gsk,cec2013,1,30,33,84241965,-1.4000000000e+03,0.0000000000e+00,300000,max_evaluations,8.437581
atmals-gsk,cec2013,1,30,34,85242002,-1.4000000000e+03,0.0000000000e+00,300000,max_evaluations,8.695963
atmals-gsk,cec2013,1,30,35,86242039,-1.4000000000e+03,0.0000000000e+00,300000,max_evaluations,8.501604
atmals-gsk,cec2013,1,30,36,87242076,-1.4000000000e+03,0.0000000000e+00,300000,max_evaluations,8.888026
atmals-gsk,cec2013,1,30,37,88242113,-1.4000000000e+03,0.0000000000e+00,300000,max_evaluations,8.649857
atmals-gsk,cec2013,1,30,38,89242150,-1.4000000000e+03,0.0000000000e+00,300000,max_evaluations,8.583081
atmals-gsk,cec2013,1,30,39,90242187,-1.4000000000e+03,0.0000000000e+00,300000,max_evaluations,9.678303
atmals-gsk,cec2013,1,30,40,91242224,-1.4000000000e+03,0.0000000000e+00,300000,max_evaluations,9.399593
atmals-gsk,cec2013,1,30,41,92242261,-1.4000000000e+03,0.0000000000e+00,300000,max_evaluations,9.971602
atmals-gsk,cec2013,1,30,42,93242298,-1.4000000000e+03,0.0000000000e+00,300000,max_evaluations,10.217490
atmals-gsk,cec2013,1,30,43,94242335,-1.4000000000e+03,0.0000000000e+00,300000,max_evaluations,9.804722
atmals-gsk,cec2013,1,30,44,95242372,-1.4000000000e+03,0.0000000000e+00,300000,max_evaluations,9.976193
atmals-gsk,cec2013,1,30,45,96242409,-1.4000000000e+03,0.0000000000e+00,300000,max_evaluations,9.366510
atmals-gsk,cec2013,1,30,46,97242446,-1.4000000000e+03,0.0000000000e+00,300000,max_evaluations,6.956062
atmals-gsk,cec2013,1,30,47,98242483,-1.4000000000e+03,0.0000000000e+00,300000,max_evaluations,7.047062
atmals-gsk,cec2013,1,30,48,99242520,-1.4000000000e+03,0.0000000000e+00,300000,max_evaluations,6.997692
atmals-gsk,cec2013,1,30,49,100242557,-1.4000000000e+03,0.0000000000e+00,300000,max_evaluations,7.205054
atmals-gsk,cec2013,1,30,50,101242594,-1.4000000000e+03,0.0000000000e+00,300000,max_evaluations,7.312327
atmals-gsk,cec2013,1,30,51,102242631,-1.4000000000e+03,0.0000000000e+00,300000,max_evaluations,6.940949
atmals-gsk,cec2013,2,30,1,53240814,2.7501926737e+04,2.8801926737e+04,300000,max_evaluations,9.008684
atmals-gsk,cec2013,2,30,2,54240851,2.7656922271e+04,2.8956922271e+04,300000,max_evaluations,9.396539
atmals-gsk,cec2013,2,30,3,55240888,2.0976303789e+03,3.3976303789e+03,300000,max_evaluations,10.099924
atmals-gsk,cec2013,2,30,4,56240925,2.1400643360e+04,2.2700643360e+04,300000,max_evaluations,10.221257
atmals-gsk,cec2013,2,30,5,57240962,1.3001743486e+04,1.4301743486e+04,300000,max_evaluations,10.009479
atmals-gsk,cec2013,2,30,6,58240999,1.0929955961e+04,1.2229955961e+04,300000,max_evaluations,10.305109
atmals-gsk,cec2013,2,30,7,59241036,1.5132850953e+04,1.6432850953e+04,300000,max_evaluations,9.591451
atmals-gsk,cec2013,2,30,8,60241073,2.0379619163e+04,2.1679619163e+04,300000,max_evaluations,10.203280
atmals-gsk,cec2013,2,30,9,61241110,2.9014868766e+04,3.0314868766e+04,300000,max_evaluations,10.559346
atmals-gsk,cec2013,2,30,10,62241147,3.4239385669e+04,3.5539385669e+04,300000,max_evaluations,9.230428
atmals-gsk,cec2013,2,30,11,63241184,1.0773244208e+04,1.2073244208e+04,300000,max_evaluations,9.083660
atmals-gsk,cec2013,2,30,12,64241221,4.5167826465e+04,4.6467826465e+04,300000,max_evaluations,9.431939
atmals-gsk,cec2013,2,30,13,65241258,2.6905723453e+04,2.8205723453e+04,300000,max_evaluations,9.139645
atmals-gsk,cec2013,2,30,14,66241295,9.3983429215e+03,1.0698342921e+04,300000,max_evaluations,9.348742
atmals-gsk,cec2013,2,30,15,67241332,2.2309008762e+04,2.3609008762e+04,300000,max_evaluations,9.135067
atmals-gsk,cec2013,2,30,16,68241369,6.6437753445e+04,6.7737753445e+04,300000,max_evaluations,10.888827
atmals-gsk,cec2013,2,30,17,69241406,2.3995034665e+04,2.5295034665e+04,300000,max_evaluations,11.450258
atmals-gsk,cec2013,2,30,18,70241443,2.7072576516e+03,4.0072576516e+03,300000,max_evaluations,11.265414
atmals-gsk,cec2013,2,30,19,71241480,2.0223269235e+04,2.1523269235e+04,300000,max_evaluations,11.054216
atmals-gsk,cec2013,2,30,20,72241517,3.6366834840e+04,3.7666834840e+04,300000,max_evaluations,11.150722
atmals-gsk,cec2013,2,30,21,73241554,1.8719620862e+04,2.0019620862e+04,300000,max_evaluations,11.042982
atmals-gsk,cec2013,2,30,22,74241591,3.9964314489e+04,4.1264314489e+04,300000,max_evaluations,11.488581
atmals-gsk,cec2013,2,30,23,75241628,1.3390314653e+04,1.4690314653e+04,300000,max_evaluations,11.121288
atmals-gsk,cec2013,2,30,24,76241665,1.7607177603e+04,1.8907177603e+04,300000,max_evaluations,12.581746
atmals-gsk,cec2013,2,30,25,77241702,6.3003690381e+03,7.6003690381e+03,300000,max_evaluations,12.883023
atmals-gsk,cec2013,2,30,26,78241739,3.3461302518e+04,3.4761302518e+04,300000,max_evaluations,13.234769
atmals-gsk,cec2013,2,30,27,79241776,9.3501461913e+03,1.0650146191e+04,300000,max_evaluations,12.574931
atmals-gsk,cec2013,2,30,28,80241813,1.5268379184e+04,1.6568379184e+04,300000,max_evaluations,12.905472
atmals-gsk,cec2013,2,30,29,81241850,1.3562920931e+04,1.4862920931e+04,300000,max_evaluations,12.756308
atmals-gsk,cec2013,2,30,30,82241887,2.2267980092e+04,2.3567980092e+04,300000,max_evaluations,12.554212
atmals-gsk,cec2013,2,30,31,83241924,8.0084662347e+04,8.1384662347e+04,300000,max_evaluations,9.931214
atmals-gsk,cec2013,2,30,32,84241961,5.5255522732e+03,6.8255522732e+03,300000,max_evaluations,10.120132
atmals-gsk,cec2013,2,30,33,85241998,1.4537016101e+04,1.5837016101e+04,300000,max_evaluations,9.775682
atmals-gsk,cec2013,2,30,34,86242035,1.3441890184e+04,1.4741890184e+04,300000,max_evaluations,9.376343
atmals-gsk,cec2013,2,30,35,87242072,4.8860827808e+03,6.1860827808e+03,300000,max_evaluations,9.733552
atmals-gsk,cec2013,2,30,36,88242109,3.2285295760e+04,3.3585295760e+04,300000,max_evaluations,10.147115
atmals-gsk,cec2013,2,30,37,89242146,3.5544768053e+04,3.6844768053e+04,300000,max_evaluations,10.028063
atmals-gsk,cec2013,2,30,38,90242183,1.8492192506e+04,1.9792192506e+04,300000,max_evaluations,9.421652
atmals-gsk,cec2013,2,30,39,91242220,1.3394253994e+04,1.4694253994e+04,300000,max_evaluations,10.430950
atmals-gsk,cec2013,2,30,40,92242257,1.9013407463e+03,3.2013407463e+03,300000,max_evaluations,9.990612
atmals-gsk,cec2013,2,30,41,93242294,6.6311025340e+03,7.9311025340e+03,300000,max_evaluations,10.130891
atmals-gsk,cec2013,2,30,42,94242331,9.5374267374e+03,1.0837426737e+04,300000,max_evaluations,10.095330
atmals-gsk,cec2013,2,30,43,95242368,7.6391538339e+04,7.7691538339e+04,300000,max_evaluations,10.320800
atmals-gsk,cec2013,2,30,44,96242405,2.1406689013e+04,2.2706689013e+04,300000,max_evaluations,10.195995
atmals-gsk,cec2013,2,30,45,97242442,1.1490871165e+04,1.2790871165e+04,300000,max_evaluations,9.944087
atmals-gsk,cec2013,2,30,46,98242479,2.1403783136e+04,2.2703783136e+04,300000,max_evaluations,7.183880
atmals-gsk,cec2013,2,30,47,99242516,3.7701365822e+04,3.9001365822e+04,300000,max_evaluations,7.357635
atmals-gsk,cec2013,2,30,48,100242553,1.7456427925e+04,1.8756427925e+04,300000,max_evaluations,7.285498
atmals-gsk,cec2013,2,30,49,101242590,3.5667693228e+03,4.8667693228e+03,300000,max_evaluations,7.195781
atmals-gsk,cec2013,2,30,50,102242627,3.4396663621e+04,3.5696663621e+04,300000,max_evaluations,7.219529
atmals-gsk,cec2013,2,30,51,103242664,4.3152815255e+04,4.4452815255e+04,300000,max_evaluations,7.064961
atmals-gsk,cec2013,3,30,1,54240847,5.4483166100e+04,5.5683166100e+04,300000,max_evaluations,9.631690
atmals-gsk,cec2013,3,30,2,55240884,3.3549510828e+05,3.3669510828e+05,300000,max_evaluations,9.815279
atmals-gsk,cec2013,3,30,3,56240921,-1.1997756337e+03,2.2436628166e-01,300000,max_evaluations,10.708881
atmals-gsk,cec2013,3,30,4,57240958,2.9504950183e+05,2.9624950183e+05,300000,max_evaluations,11.057081
atmals-gsk,cec2013,3,30,5,58240995,-1.1999999637e+03,3.6326045000e-05,300000,max_evaluations,10.574363
atmals-gsk,cec2013,3,30,6,59241032,-1.1999999747e+03,2.5270505400e-05,300000,max_evaluations,10.398640
atmals-gsk,cec2013,3,30,7,60241069,-1.1999842846e+03,1.5715359130e-02,300000,max_evaluations,10.305191
atmals-gsk,cec2013,3,30,8,61241106,-1.1625532049e+03,3.7446795061e+01,300000,max_evaluations,10.586079
atmals-gsk,cec2013,3,30,9,62241143,-1.2000000000e+03,0.0000000000e+00,300000,max_evaluations,10.743517
atmals-gsk,cec2013,3,30,10,63241180,-1.1999109944e+03,8.9005646752e-02,300000,max_evaluations,9.459251
atmals-gsk,cec2013,3,30,11,64241217,-1.2000000000e+03,2.8070600000e-08,300000,max_evaluations,9.372562
atmals-gsk,cec2013,3,30,12,65241254,-7.5152015572e+02,4.4847984428e+02,300000,max_evaluations,9.735135
atmals-gsk,cec2013,3,30,13,66241291,-1.1999999977e+03,2.2894844000e-06,300000,max_evaluations,9.777466
atmals-gsk,cec2013,3,30,14,67241328,-1.1999999854e+03,1.4601975400e-05,300000,max_evaluations,9.635844
atmals-gsk,cec2013,3,30,15,68241365,-1.1999999965e+03,3.4768261000e-06,300000,max_evaluations,9.667612
atmals-gsk,cec2013,3,30,16,69241402,-1.1999925892e+03,7.4107732364e-03,300000,max_evaluations,9.922408
atmals-gsk,cec2013,3,30,17,70241439,-1.1381629596e+03,6.1837040418e+01,300000,max_evaluations,9.746987
atmals-gsk,cec2013,3,30,18,71241476,1.0128582154e+03,2.2128582154e+03,300000,max_evaluations,9.793232
atmals-gsk,cec2013,3,30,19,72241513,-4.3557072405e+02,7.6442927595e+02,300000,max_evaluations,9.795745
atmals-gsk,cec2013,3,30,20,73241550,-1.1999999912e+03,8.8202205000e-06,300000,max_evaluations,9.603869
atmals-gsk,cec2013,3,30,21,74241587,-1.1999998770e+03,1.2295347620e-04,300000,max_evaluations,9.520030
atmals-gsk,cec2013,3,30,22,75241624,-1.1999958915e+03,4.1084708375e-03,300000,max_evaluations,9.644208
atmals-gsk,cec2013,3,30,23,76241661,-1.1999006374e+03,9.9362576998e-02,300000,max_evaluations,9.354200
atmals-gsk,cec2013,3,30,24,77241698,-1.1999978265e+03,2.1735157884e-03,300000,max_evaluations,10.639152
atmals-gsk,cec2013,3,30,25,78241735,-1.1978963010e+03,2.1036990306e+00,300000,max_evaluations,11.292069
atmals-gsk,cec2013,3,30,26,79241772,-1.1999989905e+03,1.0095008340e-03,300000,max_evaluations,11.110409
atmals-gsk,cec2013,3,30,27,80241809,-1.1999857756e+03,1.4224362887e-02,300000,max_evaluations,10.782383
atmals-gsk,cec2013,3,30,28,81241846,-1.1999950857e+03,4.9143398292e-03,300000,max_evaluations,10.883059
atmals-gsk,cec2013,3,30,29,82241883,-1.1435056002e+03,5.6494399819e+01,300000,max_evaluations,10.787535
atmals-gsk,cec2013,3,30,30,83241920,-1.1999435724e+03,5.6427565014e-02,300000,max_evaluations,10.623211
atmals-gsk,cec2013,3,30,31,84241957,-1.2000000000e+03,0.0000000000e+00,300000,max_evaluations,9.387952
atmals-gsk,cec2013,3,30,32,85241994,-1.0497491252e+03,1.5025087479e+02,300000,max_evaluations,9.266660
atmals-gsk,cec2013,3,30,33,86242031,-1.1999997974e+03,2.0255759340e-04,300000,max_evaluations,9.474903
atmals-gsk,cec2013,3,30,34,87242068,-1.1973721051e+03,2.6278949484e+00,300000,max_evaluations,9.427881
atmals-gsk,cec2013,3,30,35,88242105,-4.4680383776e+02,7.5319616224e+02,300000,max_evaluations,9.181872
atmals-gsk,cec2013,3,30,36,89242142,-1.1999455072e+03,5.4492844413e-02,300000,max_evaluations,9.497219
atmals-gsk,cec2013,3,30,37,90242179,5.5336779801e+04,5.6536779801e+04,300000,max_evaluations,9.179887
atmals-gsk,cec2013,3,30,38,91242216,-1.1999997220e+03,2.7804677700e-04,300000,max_evaluations,9.416527
atmals-gsk,cec2013,3,30,39,92242253,-1.1999999939e+03,6.0637203000e-06,300000,max_evaluations,10.224020
atmals-gsk,cec2013,3,30,40,93242290,-1.1615239980e+03,3.8476001991e+01,300000,max_evaluations,10.486489
atmals-gsk,cec2013,3,30,41,94242327,-1.1999999274e+03,7.2610664800e-05,300000,max_evaluations,10.497335
atmals-gsk,cec2013,3,30,42,95242364,-1.1999998183e+03,1.8174622760e-04,300000,max_evaluations,10.442158
atmals-gsk,cec2013,3,30,43,96242401,6.7159435770e+02,1.8715943577e+03,300000,max_evaluations,10.222695
atmals-gsk,cec2013,3,30,44,97242438,-5.4377379954e+02,6.5622620046e+02,300000,max_evaluations,10.273224
atmals-gsk,cec2013,3,30,45,98242475,1.5248570938e+06,1.5260570938e+06,300000,max_evaluations,9.953694
atmals-gsk,cec2013,3,30,46,99242512,-6.4536808140e+02,5.5463191860e+02,300000,max_evaluations,7.476152
atmals-gsk,cec2013,3,30,47,100242549,-1.1999863618e+03,1.3638238999e-02,300000,max_evaluations,7.363053
atmals-gsk,cec2013,3,30,48,101242586,-1.1999999999e+03,1.1912040000e-07,300000,max_evaluations,6.921200
atmals-gsk,cec2013,3,30,49,102242623,-1.1844003243e+03,1.5599675704e+01,300000,max_evaluations,7.195285
atmals-gsk,cec2013,3,30,50,103242660,-1.1999999902e+03,9.8497970000e-06,300000,max_evaluations,7.169611
atmals-gsk,cec2013,3,30,51,104242697,-1.1999992414e+03,7.5858820150e-04,300000,max_evaluations,6.974979
atmals-gsk,cec2013,4,30,1,55240880,-1.0996290297e+03,3.7097033648e-01,300000,max_evaluations,10.024171
atmals-gsk,cec2013,4,30,2,56240917,-1.0995205311e+03,4.7946894619e-01,300000,max_evaluations,9.877632
atmals-gsk,cec2013,4,30,3,57240954,-1.0924828640e+03,7.5171359948e+00,300000,max_evaluations,11.997374
atmals-gsk,cec2013,4,30,4,58240991,-1.0998874630e+03,1.1253695161e-01,300000,max_evaluations,11.277136
atmals-gsk,cec2013,4,30,5,59241028,-1.0993034746e+03,6.9652539469e-01,300000,max_evaluations,11.540472
atmals-gsk,cec2013,4,30,6,60241065,-1.0998002845e+03,1.9971547378e-01,300000,max_evaluations,11.223173
atmals-gsk,cec2013,4,30,7,61241102,-1.0995815090e+03,4.1849101950e-01,300000,max_evaluations,11.538037
atmals-gsk,cec2013,4,30,8,62241139,-1.0998094341e+03,1.9056592553e-01,300000,max_evaluations,11.262564
atmals-gsk,cec2013,4,30,9,63241176,-1.0998725572e+03,1.2744280230e-01,300000,max_evaluations,11.935088
atmals-gsk,cec2013,4,30,10,64241213,-1.0998306148e+03,1.6938520182e-01,300000,max_evaluations,10.308450
atmals-gsk,cec2013,4,30,11,65241250,-1.0999096245e+03,9.0375540020e-02,300000,max_evaluations,9.955441
atmals-gsk,cec2013,4,30,12,66241287,-1.0999102043e+03,8.9795688979e-02,300000,max_evaluations,9.687940
atmals-gsk,cec2013,4,30,13,67241324,-1.0997506697e+03,2.4933031621e-01,300000,max_evaluations,10.396170
atmals-gsk,cec2013,4,30,14,68241361,-1.0994044830e+03,5.9551695367e-01,300000,max_evaluations,10.494519
atmals-gsk,cec2013,4,30,15,69241398,-1.0999542332e+03,4.5766806037e-02,300000,max_evaluations,9.955240
atmals-gsk,cec2013,4,30,16,70241435,-1.0995699733e+03,4.3002666024e-01,300000,max_evaluations,11.431302
atmals-gsk,cec2013,4,30,17,71241472,-1.0997965619e+03,2.0343813413e-01,300000,max_evaluations,11.592104
atmals-gsk,cec2013,4,30,18,72241509,-1.0994336010e+03,5.6639904302e-01,300000,max_evaluations,11.569231
atmals-gsk,cec2013,4,30,19,73241546,-1.0993461947e+03,6.5380532825e-01,300000,max_evaluations,11.947320
atmals-gsk,cec2013,4,30,20,74241583,-1.0997667918e+03,2.3320823113e-01,300000,max_evaluations,10.820234
atmals-gsk,cec2013,4,30,21,75241620,-1.0998467612e+03,1.5323876604e-01,300000,max_evaluations,11.518078
atmals-gsk,cec2013,4,30,22,76241657,-1.0999676324e+03,3.2367619778e-02,300000,max_evaluations,11.618019
atmals-gsk,cec2013,4,30,23,77241694,-1.0986550613e+03,1.3449386959e+00,300000,max_evaluations,11.689864
atmals-gsk,cec2013,4,30,24,78241731,-1.0999096827e+03,9.0317276944e-02,300000,max_evaluations,13.366693
atmals-gsk,cec2013,4,30,25,79241768,-1.0995872648e+03,4.1273519244e-01,300000,max_evaluations,12.695960
atmals-gsk,cec2013,4,30,26,80241805,-1.0991861045e+03,8.1389548345e-01,300000,max_evaluations,12.736039
atmals-gsk,cec2013,4,30,27,81241842,-1.0997009160e+03,2.9908395350e-01,300000,max_evaluations,13.238726
atmals-gsk,cec2013,4,30,28,82241879,-1.0996953332e+03,3.0466675809e-01,300000,max_evaluations,13.338425
atmals-gsk,cec2013,4,30,29,83241916,-1.0998062084e+03,1.9379159208e-01,300000,max_evaluations,13.044348
atmals-gsk,cec2013,4,30,30,84241953,-1.0996618916e+03,3.3810837898e-01,300000,max_evaluations,12.764752
atmals-gsk,cec2013,4,30,31,85241990,-1.0996025752e+03,3.9742475784e-01,300000,max_evaluations,10.494747
atmals-gsk,cec2013,4,30,32,86242027,-1.0998406659e+03,1.5933406858e-01,300000,max_evaluations,10.293117
atmals-gsk,cec2013,4,30,33,87242064,-1.0999262052e+03,7.3794766401e-02,300000,max_evaluations,10.439394
atmals-gsk,cec2013,4,30,34,88242101,-1.0999690358e+03,3.0964185101e-02,300000,max_evaluations,10.252493
atmals-gsk,cec2013,4,30,35,89242138,-1.0999727351e+03,2.7264887776e-02,300000,max_evaluations,10.239490
atmals-gsk,cec2013,4,30,36,90242175,-1.0994270865e+03,5.7291351167e-01,300000,max_evaluations,9.892893
atmals-gsk,cec2013,4,30,37,91242212,-1.0999504992e+03,4.9500811323e-02,300000,max_evaluations,9.913014
atmals-gsk,cec2013,4,30,38,92242249,-1.0995922751e+03,4.0772485290e-01,300000,max_evaluations,9.894999
atmals-gsk,cec2013,4,30,39,93242286,-1.0995888873e+03,4.1111270710e-01,300000,max_evaluations,10.501809
atmals-gsk,cec2013,4,30,40,94242323,-1.0999488698e+03,5.1130215967e-02,300000,max_evaluations,10.766581
atmals-gsk,cec2013,4,30,41,95242360,-1.0999198954e+03,8.0104623933e-02,300000,max_evaluations,10.296308
atmals-gsk,cec2013,4,30,42,96242397,-1.0997449601e+03,2.5503988115e-01,300000,max_evaluations,10.301957
atmals-gsk,cec2013,4,30,43,97242434,-1.0999348762e+03,6.5123822374e-02,300000,max_evaluations,10.306451
atmals-gsk,cec2013,4,30,44,98242471,-1.0999500598e+03,4.9940180624e-02,300000,max_evaluations,10.409779
atmals-gsk,cec2013,4,30,45,99242508,-1.0998858728e+03,1.1412723190e-01,300000,max_evaluations,10.277818
atmals-gsk,cec2013,4,30,46,100242545,-1.0998354139e+03,1.6458610516e-01,300000,max_evaluations,7.247640
atmals-gsk,cec2013,4,30,47,101242582,-1.0868398614e+03,1.3160138635e+01,300000,max_evaluations,7.028906
atmals-gsk,cec2013,4,30,48,102242619,-1.0999494354e+03,5.0564576461e-02,300000,max_evaluations,6.879276
atmals-gsk,cec2013,4,30,49,103242656,-1.0999970566e+03,2.9434291707e-03,300000,max_evaluations,6.787822
atmals-gsk,cec2013,4,30,50,104242693,-1.0993467083e+03,6.5329171414e-01,300000,max_evaluations,6.834243
atmals-gsk,cec2013,4,30,51,105242730,-1.0998615084e+03,1.3849164577e-01,300000,max_evaluations,6.668688
atmals-gsk,cec2013,5,30,1,56240913,-1.0000000000e+03,0.0000000000e+00,300000,max_evaluations,8.230913
atmals-gsk,cec2013,5,30,2,57240950,-1.0000000000e+03,0.0000000000e+00,300000,max_evaluations,7.687311
atmals-gsk,cec2013,5,30,3,58240987,-1.0000000000e+03,0.0000000000e+00,300000,max_evaluations,7.789941
atmals-gsk,cec2013,5,30,4,59241024,-1.0000000000e+03,0.0000000000e+00,300000,max_evaluations,8.130022
atmals-gsk,cec2013,5,30,5,60241061,-1.0000000000e+03,0.0000000000e+00,300000,max_evaluations,7.789923
atmals-gsk,cec2013,5,30,6,61241098,-1.0000000000e+03,0.0000000000e+00,300000,max_evaluations,8.000795
atmals-gsk,cec2013,5,30,7,62241135,-1.0000000000e+03,0.0000000000e+00,300000,max_evaluations,7.921856
atmals-gsk,cec2013,5,30,8,63241172,-1.0000000000e+03,0.0000000000e+00,300000,max_evaluations,7.786621
atmals-gsk,cec2013,5,30,9,64241209,-1.0000000000e+03,0.0000000000e+00,300000,max_evaluations,7.893764
atmals-gsk,cec2013,5,30,10,65241246,-1.0000000000e+03,0.0000000000e+00,300000,max_evaluations,7.571805
atmals-gsk,cec2013,5,30,11,66241283,-1.0000000000e+03,0.0000000000e+00,300000,max_evaluations,7.654917
atmals-gsk,cec2013,5,30,12,67241320,-1.0000000000e+03,0.0000000000e+00,300000,max_evaluations,7.712069
atmals-gsk,cec2013,5,30,13,68241357,-1.0000000000e+03,0.0000000000e+00,300000,max_evaluations,7.769133
atmals-gsk,cec2013,5,30,14,69241394,-1.0000000000e+03,0.0000000000e+00,300000,max_evaluations,7.618223
atmals-gsk,cec2013,5,30,15,70241431,-1.0000000000e+03,0.0000000000e+00,300000,max_evaluations,7.770072
atmals-gsk,cec2013,5,30,16,71241468,-1.0000000000e+03,0.0000000000e+00,300000,max_evaluations,11.011846
atmals-gsk,cec2013,5,30,17,72241505,-1.0000000000e+03,0.0000000000e+00,300000,max_evaluations,10.777143
atmals-gsk,cec2013,5,30,18,73241542,-1.0000000000e+03,0.0000000000e+00,300000,max_evaluations,11.116471
atmals-gsk,cec2013,5,30,19,74241579,-1.0000000000e+03,0.0000000000e+00,300000,max_evaluations,11.560941
atmals-gsk,cec2013,5,30,20,75241616,-1.0000000000e+03,0.0000000000e+00,300000,max_evaluations,10.564875
atmals-gsk,cec2013,5,30,21,76241653,-1.0000000000e+03,0.0000000000e+00,300000,max_evaluations,11.297885
atmals-gsk,cec2013,5,30,22,77241690,-1.0000000000e+03,0.0000000000e+00,300000,max_evaluations,10.788494
atmals-gsk,cec2013,5,30,23,78241727,-1.0000000000e+03,0.0000000000e+00,300000,max_evaluations,11.916643
atmals-gsk,cec2013,5,30,24,79241764,-1.0000000000e+03,0.0000000000e+00,300000,max_evaluations,11.803569
atmals-gsk,cec2013,5,30,25,80241801,-1.0000000000e+03,0.0000000000e+00,300000,max_evaluations,11.938351
atmals-gsk,cec2013,5,30,26,81241838,-1.0000000000e+03,0.0000000000e+00,300000,max_evaluations,11.773609
atmals-gsk,cec2013,5,30,27,82241875,-1.0000000000e+03,0.0000000000e+00,300000,max_evaluations,12.215879
atmals-gsk,cec2013,5,30,28,83241912,-1.0000000000e+03,0.0000000000e+00,300000,max_evaluations,12.170924
atmals-gsk,cec2013,5,30,29,84241949,-1.0000000000e+03,0.0000000000e+00,300000,max_evaluations,12.616790
atmals-gsk,cec2013,5,30,30,85241986,-1.0000000000e+03,0.0000000000e+00,300000,max_evaluations,11.221836
atmals-gsk,cec2013,5,30,31,86242023,-1.0000000000e+03,0.0000000000e+00,300000,max_evaluations,10.652741
atmals-gsk,cec2013,5,30,32,87242060,-1.0000000000e+03,0.0000000000e+00,300000,max_evaluations,9.967898
atmals-gsk,cec2013,5,30,33,88242097,-1.0000000000e+03,0.0000000000e+00,300000,max_evaluations,10.988310
atmals-gsk,cec2013,5,30,34,89242134,-1.0000000000e+03,0.0000000000e+00,300000,max_evaluations,10.122094
atmals-gsk,cec2013,5,30,35,90242171,-1.0000000000e+03,0.0000000000e+00,300000,max_evaluations,10.492295
atmals-gsk,cec2013,5,30,36,91242208,-1.0000000000e+03,0.0000000000e+00,300000,max_evaluations,10.621705
atmals-gsk,cec2013,5,30,37,92242245,-1.0000000000e+03,0.0000000000e+00,300000,max_evaluations,10.476526
atmals-gsk,cec2013,5,30,38,93242282,-1.0000000000e+03,0.0000000000e+00,300000,max_evaluations,10.855577
atmals-gsk,cec2013,5,30,39,94242319,-1.0000000000e+03,0.0000000000e+00,300000,max_evaluations,11.433031
atmals-gsk,cec2013,5,30,40,95242356,-1.0000000000e+03,0.0000000000e+00,300000,max_evaluations,11.057856
atmals-gsk,cec2013,5,30,41,96242393,-1.0000000000e+03,0.0000000000e+00,300000,max_evaluations,11.585361
atmals-gsk,cec2013,5,30,42,97242430,-1.0000000000e+03,0.0000000000e+00,300000,max_evaluations,11.126432
atmals-gsk,cec2013,5,30,43,98242467,-1.0000000000e+03,0.0000000000e+00,300000,max_evaluations,10.851804
atmals-gsk,cec2013,5,30,44,99242504,-1.0000000000e+03,0.0000000000e+00,300000,max_evaluations,11.055357
atmals-gsk,cec2013,5,30,45,100242541,-1.0000000000e+03,0.0000000000e+00,300000,max_evaluations,11.657992
atmals-gsk,cec2013,5,30,46,101242578,-1.0000000000e+03,0.0000000000e+00,300000,max_evaluations,7.925854
atmals-gsk,cec2013,5,30,47,102242615,-1.0000000000e+03,0.0000000000e+00,300000,max_evaluations,8.168508
atmals-gsk,cec2013,5,30,48,103242652,-1.0000000000e+03,0.0000000000e+00,300000,max_evaluations,8.022666
atmals-gsk,cec2013,5,30,49,104242689,-1.0000000000e+03,0.0000000000e+00,300000,max_evaluations,7.911073
atmals-gsk,cec2013,5,30,50,105242726,-1.0000000000e+03,0.0000000000e+00,300000,max_evaluations,7.930360
atmals-gsk,cec2013,5,30,51,106242763,-1.0000000000e+03,0.0000000000e+00,300000,max_evaluations,7.763084
atmals-gsk,cec2013,6,30,1,57240946,-8.9510876340e+02,4.8912365960e+00,300000,max_evaluations,7.573007
atmals-gsk,cec2013,6,30,2,58240983,-8.9545618128e+02,4.5438187201e+00,300000,max_evaluations,7.579699
atmals-gsk,cec2013,6,30,3,59241020,-8.9822495057e+02,1.7750494326e+00,300000,max_evaluations,7.813852
atmals-gsk,cec2013,6,30,4,60241057,-8.9800168195e+02,1.9983180498e+00,300000,max_evaluations,8.821012
atmals-gsk,cec2013,6,30,5,61241094,-8.9882093568e+02,1.1790643222e+00,300000,max_evaluations,9.033147
atmals-gsk,cec2013,6,30,6,62241131,-8.9996757659e+02,3.2423414978e-02,300000,max_evaluations,8.730247
atmals-gsk,cec2013,6,30,7,63241168,-8.7359258185e+02,2.6407418154e+01,300000,max_evaluations,8.897242
atmals-gsk,cec2013,6,30,8,64241205,-8.9999999451e+02,5.4896047000e-06,300000,max_evaluations,8.932770
atmals-gsk,cec2013,6,30,9,65241242,-8.9890078644e+02,1.0992135623e+00,300000,max_evaluations,8.693595
atmals-gsk,cec2013,6,30,10,66241279,-8.9999998844e+02,1.1561988000e-05,300000,max_evaluations,7.508505
atmals-gsk,cec2013,6,30,11,67241316,-8.9863677704e+02,1.3632229599e+00,300000,max_evaluations,7.459706
atmals-gsk,cec2013,6,30,12,68241353,-8.9999948063e+02,5.1937447390e-04,300000,max_evaluations,7.670653
atmals-gsk,cec2013,6,30,13,69241390,-8.9999993507e+02,6.4934827200e-05,300000,max_evaluations,7.470896
atmals-gsk,cec2013,6,30,14,70241427,-8.9939216616e+02,6.0783383699e-01,300000,max_evaluations,7.491566
atmals-gsk,cec2013,6,30,15,71241464,-8.9727632628e+02,2.7236737221e+00,300000,max_evaluations,7.512224
atmals-gsk,cec2013,6,30,16,72241501,-8.9966241241e+02,3.3758758942e-01,300000,max_evaluations,8.986656
atmals-gsk,cec2013,6,30,17,73241538,-8.9499112115e+02,5.0088788469e+00,300000,max_evaluations,9.014269
atmals-gsk,cec2013,6,30,18,74241575,-8.9999677389e+02,3.2261119684e-03,300000,max_evaluations,9.105137
atmals-gsk,cec2013,6,30,19,75241612,-8.9994507259e+02,5.4927411166e-02,300000,max_evaluations,9.113348
atmals-gsk,cec2013,6,30,20,76241649,-8.9999384369e+02,6.1563059417e-03,300000,max_evaluations,9.306954
atmals-gsk,cec2013,6,30,21,77241686,-8.9969807062e+02,3.0192937885e-01,300000,max_evaluations,9.080542
atmals-gsk,cec2013,6,30,22,78241723,-8.9335581617e+02,6.6441838306e+00,300000,max_evaluations,9.298944
atmals-gsk,cec2013,6,30,23,79241760,-8.9999999125e+02,8.7470161000e-06,300000,max_evaluations,9.164518
atmals-gsk,cec2013,6,30,24,80241797,-8.9999968944e+02,3.1056445930e-04,300000,max_evaluations,11.007879
atmals-gsk,cec2013,6,30,25,81241834,-8.9999999577e+02,4.2331159000e-06,300000,max_evaluations,11.126965
atmals-gsk,cec2013,6,30,26,82241871,-8.9997600305e+02,2.3996947584e-02,300000,max_evaluations,11.242877
atmals-gsk,cec2013,6,30,27,83241908,-8.9999997162e+02,2.8380403300e-05,300000,max_evaluations,11.577901
atmals-gsk,cec2013,6,30,28,84241945,-8.9880337108e+02,1.1966289177e+00,300000,max_evaluations,10.879793
atmals-gsk,cec2013,6,30,29,85241982,-8.9807819589e+02,1.9218041096e+00,300000,max_evaluations,11.418565
atmals-gsk,cec2013,6,30,30,86242019,-8.9813313141e+02,1.8668685851e+00,300000,max_evaluations,10.890062
atmals-gsk,cec2013,6,30,31,87242056,-8.9999999742e+02,2.5822156000e-06,300000,max_evaluations,9.082173
atmals-gsk,cec2013,6,30,32,88242093,-8.9816676168e+02,1.8332383151e+00,300000,max_evaluations,9.115598
atmals-gsk,cec2013,6,30,33,89242130,-8.9584001485e+02,4.1599851517e+00,300000,max_evaluations,9.197131
atmals-gsk,cec2013,6,30,34,90242167,-8.9999990238e+02,9.7618658600e-05,300000,max_evaluations,8.995039
atmals-gsk,cec2013,6,30,35,91242204,-8.9999999907e+02,9.3200890000e-07,300000,max_evaluations,9.124326
atmals-gsk,cec2013,6,30,36,92242241,-8.9858671691e+02,1.4132830869e+00,300000,max_evaluations,9.134680
atmals-gsk,cec2013,6,30,37,93242278,-8.9999999670e+02,3.2989752000e-06,300000,max_evaluations,9.183949
atmals-gsk,cec2013,6,30,38,94242315,-8.9999999994e+02,6.0144000000e-08,300000,max_evaluations,9.201721
atmals-gsk,cec2013,6,30,39,95242352,-8.9881588170e+02,1.1841182992e+00,300000,max_evaluations,10.128086
atmals-gsk,cec2013,6,30,40,96242389,-8.9998923089e+02,1.0769114030e-02,300000,max_evaluations,10.242743
atmals-gsk,cec2013,6,30,41,97242426,-8.9999178479e+02,8.2152059101e-03,300000,max_evaluations,10.102149
atmals-gsk,cec2013,6,30,42,98242463,-8.9868412501e+02,1.3158749924e+00,300000,max_evaluations,10.523143
atmals-gsk,cec2013,6,30,43,99242500,-8.9601337126e+02,3.9866287413e+00,300000,max_evaluations,10.148906
atmals-gsk,cec2013,6,30,44,100242537,-8.9999972684e+02,2.7316473470e-04,300000,max_evaluations,10.717011
atmals-gsk,cec2013,6,30,45,101242574,-8.9927250248e+02,7.2749751837e-01,300000,max_evaluations,10.512429
atmals-gsk,cec2013,6,30,46,102242611,-8.9999999974e+02,2.6482450000e-07,300000,max_evaluations,7.583399
atmals-gsk,cec2013,6,30,47,103242648,-8.9999987045e+02,1.2954721750e-04,300000,max_evaluations,7.699294
atmals-gsk,cec2013,6,30,48,104242685,-8.9999999043e+02,9.5664657000e-06,300000,max_evaluations,7.493137
atmals-gsk,cec2013,6,30,49,105242722,-8.9879818813e+02,1.2018118651e+00,300000,max_evaluations,7.204852
atmals-gsk,cec2013,6,30,50,106242759,-8.9999290430e+02,7.0957024014e-03,300000,max_evaluations,7.327827
atmals-gsk,cec2013,6,30,51,107242796,-8.9994464848e+02,5.5351520522e-02,300000,max_evaluations,7.432202
atmals-gsk,cec2013,7,30,1,58240979,-7.9863234397e+02,1.3676560321e+00,300000,max_evaluations,8.729143
atmals-gsk,cec2013,7,30,2,59241016,-7.9762118869e+02,2.3788113098e+00,300000,max_evaluations,8.767617
atmals-gsk,cec2013,7,30,3,60241053,-7.9682121730e+02,3.1787827019e+00,300000,max_evaluations,9.170884
atmals-gsk,cec2013,7,30,4,61241090,-7.9994095209e+02,5.9047909977e-02,300000,max_evaluations,9.528020
atmals-gsk,cec2013,7,30,5,62241127,-7.9913245452e+02,8.6754547899e-01,300000,max_evaluations,9.376447
atmals-gsk,cec2013,7,30,6,63241164,-7.9945653985e+02,5.4346014513e-01,300000,max_evaluations,9.360875
atmals-gsk,cec2013,7,30,7,64241201,-7.9815441250e+02,1.8455874951e+00,300000,max_evaluations,9.384151
atmals-gsk,cec2013,7,30,8,65241238,-7.9925607656e+02,7.4392344025e-01,300000,max_evaluations,9.907263
atmals-gsk,cec2013,7,30,9,66241275,-7.9636194875e+02,3.6380512450e+00,300000,max_evaluations,9.483574
atmals-gsk,cec2013,7,30,10,67241312,-7.9934406078e+02,6.5593922328e-01,300000,max_evaluations,9.083732
atmals-gsk,cec2013,7,30,11,68241349,-7.9880309687e+02,1.1969031350e+00,300000,max_evaluations,8.307740
atmals-gsk,cec2013,7,30,12,69241386,-7.9885939973e+02,1.1406002701e+00,300000,max_evaluations,8.546039
atmals-gsk,cec2013,7,30,13,70241423,-7.9932696124e+02,6.7303875921e-01,300000,max_evaluations,8.602619
atmals-gsk,cec2013,7,30,14,71241460,-7.9900348614e+02,9.9651386321e-01,300000,max_evaluations,8.387857
atmals-gsk,cec2013,7,30,15,72241497,-7.9919146314e+02,8.0853686496e-01,300000,max_evaluations,8.453137
atmals-gsk,cec2013,7,30,16,73241534,-7.9468288205e+02,5.3171179495e+00,300000,max_evaluations,11.312438
atmals-gsk,cec2013,7,30,17,74241571,-7.9902120086e+02,9.7879913603e-01,300000,max_evaluations,10.194144
atmals-gsk,cec2013,7,30,18,75241608,-7.9851455303e+02,1.4854469737e+00,300000,max_evaluations,10.368384
atmals-gsk,cec2013,7,30,19,76241645,-7.9695076151e+02,3.0492384873e+00,300000,max_evaluations,10.718607
atmals-gsk,cec2013,7,30,20,77241682,-7.9948063023e+02,5.1936977441e-01,300000,max_evaluations,10.227360
atmals-gsk,cec2013,7,30,21,78241719,-7.9967501552e+02,3.2498448360e-01,300000,max_evaluations,10.404573
atmals-gsk,cec2013,7,30,22,79241756,-7.9913604661e+02,8.6395338707e-01,300000,max_evaluations,11.078656
atmals-gsk,cec2013,7,30,23,80241793,-7.9900574489e+02,9.9425510917e-01,300000,max_evaluations,10.885818
atmals-gsk,cec2013,7,30,24,81241830,-7.9384945622e+02,6.1505437780e+00,300000,max_evaluations,12.051676
atmals-gsk,cec2013,7,30,25,82241867,-7.9791788609e+02,2.0821139083e+00,300000,max_evaluations,11.879873
atmals-gsk,cec2013,7,30,26,83241904,-7.9795158028e+02,2.0484197238e+00,300000,max_evaluations,12.086399
atmals-gsk,cec2013,7,30,27,84241941,-7.9969069709e+02,3.0930291396e-01,300000,max_evaluations,11.953622
atmals-gsk,cec2013,7,30,28,85241978,-7.9589889796e+02,4.1011020433e+00,300000,max_evaluations,11.974920
atmals-gsk,cec2013,7,30,29,86242015,-7.9892151395e+02,1.0784860501e+00,300000,max_evaluations,12.244280
atmals-gsk,cec2013,7,30,30,87242052,-7.9956175704e+02,4.3824295848e-01,300000,max_evaluations,12.226792
atmals-gsk,cec2013,7,30,31,88242089,-7.9915118415e+02,8.4881585282e-01,300000,max_evaluations,10.101843
atmals-gsk,cec2013,7,30,32,89242126,-7.9524578199e+02,4.7542180056e+00,300000,max_evaluations,10.316336
atmals-gsk,cec2013,7,30,33,90242163,-7.9488371591e+02,5.1162840892e+00,300000,max_evaluations,10.145950
atmals-gsk,cec2013,7,30,34,91242200,-7.9778748942e+02,2.2125105757e+00,300000,max_evaluations,10.927848
atmals-gsk,cec2013,7,30,35,92242237,-7.9775945549e+02,2.2405445097e+00,300000,max_evaluations,10.545686
atmals-gsk,cec2013,7,30,36,93242274,-7.9127561587e+02,8.7243841283e+00,300000,max_evaluations,10.423540
atmals-gsk,cec2013,7,30,37,94242311,-7.9947199449e+02,5.2800551195e-01,300000,max_evaluations,10.196390
atmals-gsk,cec2013,7,30,38,95242348,-7.9872466465e+02,1.2753353550e+00,300000,max_evaluations,10.274919
atmals-gsk,cec2013,7,30,39,96242385,-7.9844012407e+02,1.5598759336e+00,300000,max_evaluations,11.557694
atmals-gsk,cec2013,7,30,40,97242422,-7.9767387180e+02,2.3261282001e+00,300000,max_evaluations,11.211537
atmals-gsk,cec2013,7,30,41,98242459,-7.9867420775e+02,1.3257922502e+00,300000,max_evaluations,10.940752
atmals-gsk,cec2013,7,30,42,99242496,-7.9825614218e+02,1.7438578184e+00,300000,max_evaluations,11.512644
atmals-gsk,cec2013,7,30,43,100242533,-7.9726262423e+02,2.7373757696e+00,300000,max_evaluations,11.432779
atmals-gsk,cec2013,7,30,44,101242570,-7.9822638043e+02,1.7736195687e+00,300000,max_evaluations,10.995391
atmals-gsk,cec2013,7,30,45,102242607,-7.9766446209e+02,2.3355379094e+00,300000,max_evaluations,11.273708
atmals-gsk,cec2013,7,30,46,103242644,-7.9497098864e+02,5.0290113645e+00,300000,max_evaluations,8.462376
atmals-gsk,cec2013,7,30,47,104242681,-7.8549132675e+02,1.4508673250e+01,300000,max_evaluations,7.747208
atmals-gsk,cec2013,7,30,48,105242718,-7.9976386948e+02,2.3613051819e-01,300000,max_evaluations,7.962287
atmals-gsk,cec2013,7,30,49,106242755,-7.9525370238e+02,4.7462976241e+00,300000,max_evaluations,7.807211
atmals-gsk,cec2013,7,30,50,107242792,-7.9994866276e+02,5.1337235897e-02,300000,max_evaluations,7.304333
atmals-gsk,cec2013,7,30,51,108242829,-7.9343778597e+02,6.5622140283e+00,300000,max_evaluations,7.633743
atmals-gsk,cec2013,8,30,1,59241012,-6.7905927288e+02,2.0940727125e+01,300000,max_evaluations,7.630257
atmals-gsk,cec2013,8,30,2,60241049,-6.7901063989e+02,2.0989360108e+01,300000,max_evaluations,7.474260
atmals-gsk,cec2013,8,30,3,61241086,-6.7905685107e+02,2.0943148926e+01,300000,max_evaluations,9.133370
atmals-gsk,cec2013,8,30,4,62241123,-6.7907021797e+02,2.0929782030e+01,300000,max_evaluations,8.642339
atmals-gsk,cec2013,8,30,5,63241160,-6.7900460162e+02,2.0995398381e+01,300000,max_evaluations,9.084518
atmals-gsk,cec2013,8,30,6,64241197,-6.7897967599e+02,2.1020324006e+01,300000,max_evaluations,8.231390
atmals-gsk,cec2013,8,30,7,65241234,-6.7909406133e+02,2.0905938668e+01,300000,max_evaluations,8.425916
atmals-gsk,cec2013,8,30,8,66241271,-6.7910533314e+02,2.0894666860e+01,300000,max_evaluations,8.510452
atmals-gsk,cec2013,8,30,9,67241308,-6.7901806997e+02,2.0981930031e+01,300000,max_evaluations,9.036233
atmals-gsk,cec2013,8,30,10,68241345,-6.7905690278e+02,2.0943097217e+01,300000,max_evaluations,7.728491
atmals-gsk,cec2013,8,30,11,69241382,-6.7909375533e+02,2.0906244672e+01,300000,max_evaluations,7.456345
atmals-gsk,cec2013,8,30,12,70241419,-6.7917351841e+02,2.0826481594e+01,300000,max_evaluations,7.529726
atmals-gsk,cec2013,8,30,13,71241456,-6.7900482571e+02,2.0995174293e+01,300000,max_evaluations,7.783067
atmals-gsk,cec2013,8,30,14,72241493,-6.7921183638e+02,2.0788163618e+01,300000,max_evaluations,7.742759
atmals-gsk,cec2013,8,30,15,73241530,-6.7903344775e+02,2.0966552254e+01,300000,max_evaluations,7.638273
atmals-gsk,cec2013,8,30,16,74241567,-6.7901463068e+02,2.0985369318e+01,300000,max_evaluations,10.501006
atmals-gsk,cec2013,8,30,17,75241604,-6.7899844399e+02,2.1001556012e+01,300000,max_evaluations,10.541374
atmals-gsk,cec2013,8,30,18,76241641,-6.7902046969e+02,2.0979530308e+01,300000,max_evaluations,10.445921
atmals-gsk,cec2013,8,30,19,77241678,-6.7910101226e+02,2.0898987738e+01,300000,max_evaluations,10.338148
atmals-gsk,cec2013,8,30,20,78241715,-6.7909886410e+02,2.0901135899e+01,300000,max_evaluations,10.198358
atmals-gsk,cec2013,8,30,21,79241752,-6.7901724034e+02,2.0982759656e+01,300000,max_evaluations,10.506902
atmals-gsk,cec2013,8,30,22,80241789,-6.7908926913e+02,2.0910730870e+01,300000,max_evaluations,10.308370
atmals-gsk,cec2013,8,30,23,81241826,-6.7900787314e+02,2.0992126861e+01,300000,max_evaluations,10.443378
atmals-gsk,cec2013,8,30,24,82241863,-6.7908412284e+02,2.0915877162e+01,300000,max_evaluations,13.067966
atmals-gsk,cec2013,8,30,25,83241900,-6.7904481629e+02,2.0955183711e+01,300000,max_evaluations,12.242578
atmals-gsk,cec2013,8,30,26,84241937,-6.7906673790e+02,2.0933262095e+01,300000,max_evaluations,11.940167
atmals-gsk,cec2013,8,30,27,85241974,-6.7910539192e+02,2.0894608078e+01,300000,max_evaluations,12.449344
atmals-gsk,cec2013,8,30,28,86242011,-6.7900617414e+02,2.0993825862e+01,300000,max_evaluations,11.923853
atmals-gsk,cec2013,8,30,29,87242048,-6.7908052354e+02,2.0919476457e+01,300000,max_evaluations,12.399463
atmals-gsk,cec2013,8,30,30,88242085,-6.7900869286e+02,2.0991307143e+01,300000,max_evaluations,11.688687
atmals-gsk,cec2013,8,30,31,89242122,-6.7895986007e+02,2.1040139930e+01,300000,max_evaluations,10.537906
atmals-gsk,cec2013,8,30,32,90242159,-6.7905658427e+02,2.0943415729e+01,300000,max_evaluations,10.560643
atmals-gsk,cec2013,8,30,33,91242196,-6.7903106455e+02,2.0968935448e+01,300000,max_evaluations,10.733188
atmals-gsk,cec2013,8,30,34,92242233,-6.7904171622e+02,2.0958283777e+01,300000,max_evaluations,10.277484
atmals-gsk,cec2013,8,30,35,93242270,-6.7909991788e+02,2.0900082124e+01,300000,max_evaluations,10.741469
atmals-gsk,cec2013,8,30,36,94242307,-6.7908573548e+02,2.0914264523e+01,300000,max_evaluations,10.773202
atmals-gsk,cec2013,8,30,37,95242344,-6.7906311073e+02,2.0936889268e+01,300000,max_evaluations,10.427924
atmals-gsk,cec2013,8,30,38,96242381,-6.7902580724e+02,2.0974192758e+01,300000,max_evaluations,10.931444
atmals-gsk,cec2013,8,30,39,97242418,-6.7906961206e+02,2.0930387941e+01,300000,max_evaluations,11.449161
atmals-gsk,cec2013,8,30,40,98242455,-6.7895807728e+02,2.1041922722e+01,300000,max_evaluations,11.318811
atmals-gsk,cec2013,8,30,41,99242492,-6.7899268583e+02,2.1007314172e+01,300000,max_evaluations,11.351690
atmals-gsk,cec2013,8,30,42,100242529,-6.7914528689e+02,2.0854713108e+01,300000,max_evaluations,11.224626
atmals-gsk,cec2013,8,30,43,101242566,-6.7908666111e+02,2.0913338887e+01,300000,max_evaluations,10.988389
atmals-gsk,cec2013,8,30,44,102242603,-6.7897388892e+02,2.1026111077e+01,300000,max_evaluations,10.765661
atmals-gsk,cec2013,8,30,45,103242640,-6.7901704921e+02,2.0982950787e+01,300000,max_evaluations,10.802714
atmals-gsk,cec2013,8,30,46,104242677,-6.7898630089e+02,2.1013699106e+01,300000,max_evaluations,8.028457
atmals-gsk,cec2013,8,30,47,105242714,-6.7906516121e+02,2.0934838790e+01,300000,max_evaluations,8.029731
atmals-gsk,cec2013,8,30,48,106242751,-6.7900302788e+02,2.0996972121e+01,300000,max_evaluations,7.622851
atmals-gsk,cec2013,8,30,49,107242788,-6.7904285413e+02,2.0957145874e+01,300000,max_evaluations,7.913240
atmals-gsk,cec2013,8,30,50,108242825,-6.7903028524e+02,2.0969714763e+01,300000,max_evaluations,8.016965
atmals-gsk,cec2013,8,30,51,109242862,-6.7903859783e+02,2.0961402166e+01,300000,max_evaluations,7.512037
atmals-gsk,cec2013,9,30,1,60241045,-5.6709452916e+02,3.2905470844e+01,300000,max_evaluations,13.960718
atmals-gsk,cec2013,9,30,2,61241082,-5.7482795278e+02,2.5172047223e+01,300000,max_evaluations,13.979044
atmals-gsk,cec2013,9,30,3,62241119,-5.6744701024e+02,3.2552989760e+01,300000,max_evaluations,16.724003
atmals-gsk,cec2013,9,30,4,63241156,-5.6643519631e+02,3.3564803692e+01,300000,max_evaluations,16.312906
atmals-gsk,cec2013,9,30,5,64241193,-5.7429641280e+02,2.5703587205e+01,300000,max_evaluations,15.501975
atmals-gsk,cec2013,9,30,6,65241230,-5.6695279674e+02,3.3047203262e+01,300000,max_evaluations,15.823721
atmals-gsk,cec2013,9,30,7,66241267,-5.7502348291e+02,2.4976517091e+01,300000,max_evaluations,16.389870
atmals-gsk,cec2013,9,30,8,67241304,-5.6859295913e+02,3.1407040865e+01,300000,max_evaluations,16.866645
atmals-gsk,cec2013,9,30,9,68241341,-5.7035066728e+02,2.9649332723e+01,300000,max_evaluations,16.155456
atmals-gsk,cec2013,9,30,10,69241378,-5.7011179204e+02,2.9888207957e+01,300000,max_evaluations,13.929885
atmals-gsk,cec2013,9,30,11,70241415,-5.6782596894e+02,3.2174031055e+01,300000,max_evaluations,14.133490
atmals-gsk,cec2013,9,30,12,71241452,-5.6817679447e+02,3.1823205534e+01,300000,max_evaluations,14.128440
atmals-gsk,cec2013,9,30,13,72241489,-5.6611698863e+02,3.3883011370e+01,300000,max_evaluations,13.501258
atmals-gsk,cec2013,9,30,14,73241526,-5.7421397806e+02,2.5786021936e+01,300000,max_evaluations,13.817029
atmals-gsk,cec2013,9,30,15,74241563,-5.6987025604e+02,3.0129743965e+01,300000,max_evaluations,13.924919
atmals-gsk,cec2013,9,30,16,75241600,-5.6599535529e+02,3.4004644714e+01,300000,max_evaluations,16.717796
atmals-gsk,cec2013,9,30,17,76241637,-5.7185403564e+02,2.8145964358e+01,300000,max_evaluations,16.745928
atmals-gsk,cec2013,9,30,18,77241674,-5.7437885119e+02,2.5621148810e+01,300000,max_evaluations,16.571596
atmals-gsk,cec2013,9,30,19,78241711,-5.6683473165e+02,3.3165268350e+01,300000,max_evaluations,16.618065
atmals-gsk,cec2013,9,30,20,79241748,-5.6734564616e+02,3.2654353838e+01,300000,max_evaluations,16.404465
atmals-gsk,cec2013,9,30,21,80241785,-5.7326352519e+02,2.6736474808e+01,300000,max_evaluations,16.816732
atmals-gsk,cec2013,9,30,22,81241822,-5.6956955360e+02,3.0430446404e+01,300000,max_evaluations,16.538800
atmals-gsk,cec2013,9,30,23,82241859,-5.8487439672e+02,1.5125603284e+01,300000,max_evaluations,16.455611
atmals-gsk,cec2013,9,30,24,83241896,-5.6584577158e+02,3.4154228417e+01,300000,max_evaluations,19.475179
atmals-gsk,cec2013,9,30,25,84241933,-5.7110669811e+02,2.8893301895e+01,300000,max_evaluations,19.197913
atmals-gsk,cec2013,9,30,26,85241970,-5.6803516774e+02,3.1964832265e+01,300000,max_evaluations,21.162641
atmals-gsk,cec2013,9,30,27,86242007,-5.7010891982e+02,2.9891080177e+01,300000,max_evaluations,20.329281
atmals-gsk,cec2013,9,30,28,87242044,-5.7011152252e+02,2.9888477484e+01,300000,max_evaluations,19.852936
atmals-gsk,cec2013,9,30,29,88242081,-5.6984605383e+02,3.0153946170e+01,300000,max_evaluations,20.410239
atmals-gsk,cec2013,9,30,30,89242118,-5.7818628212e+02,2.1813717878e+01,300000,max_evaluations,19.461358
atmals-gsk,cec2013,9,30,31,90242155,-5.6803161963e+02,3.1968380372e+01,300000,max_evaluations,16.698481
atmals-gsk,cec2013,9,30,32,91242192,-5.6723638816e+02,3.2763611837e+01,300000,max_evaluations,16.546559
atmals-gsk,cec2013,9,30,33,92242229,-5.7160698879e+02,2.8393011208e+01,300000,max_evaluations,16.302434
atmals-gsk,cec2013,9,30,34,93242266,-5.6663190106e+02,3.3368098944e+01,300000,max_evaluations,16.540430
atmals-gsk,cec2013,9,30,35,94242303,-5.7023420703e+02,2.9765792967e+01,300000,max_evaluations,16.167118
atmals-gsk,cec2013,9,30,36,95242340,-5.6799438475e+02,3.2005615246e+01,300000,max_evaluations,16.282904
atmals-gsk,cec2013,9,30,37,96242377,-5.8216991506e+02,1.7830084941e+01,300000,max_evaluations,16.024431
atmals-gsk,cec2013,9,30,38,97242414,-5.7249835289e+02,2.7501647108e+01,300000,max_evaluations,16.040626
atmals-gsk,cec2013,9,30,39,98242451,-5.6926572306e+02,3.0734276940e+01,300000,max_evaluations,19.137698
atmals-gsk,cec2013,9,30,40,99242488,-5.6707011531e+02,3.2929884692e+01,300000,max_evaluations,18.640016
atmals-gsk,cec2013,9,30,41,100242525,-5.7066556778e+02,2.9334432216e+01,300000,max_evaluations,17.920665
atmals-gsk,cec2013,9,30,42,101242562,-5.6867002936e+02,3.1329970643e+01,300000,max_evaluations,18.321454
atmals-gsk,cec2013,9,30,43,102242599,-5.6506809945e+02,3.4931900549e+01,300000,max_evaluations,17.807986
atmals-gsk,cec2013,9,30,44,103242636,-5.6709606453e+02,3.2903935475e+01,300000,max_evaluations,18.447681
atmals-gsk,cec2013,9,30,45,104242673,-5.6956651563e+02,3.0433484368e+01,300000,max_evaluations,18.519313
atmals-gsk,cec2013,9,30,46,105242710,-5.6550299773e+02,3.4497002269e+01,300000,max_evaluations,14.118094
atmals-gsk,cec2013,9,30,47,106242747,-5.6607413827e+02,3.3925861725e+01,300000,max_evaluations,14.288830
atmals-gsk,cec2013,9,30,48,107242784,-5.6784294894e+02,3.2157051056e+01,300000,max_evaluations,13.930984
atmals-gsk,cec2013,9,30,49,108242821,-5.7196113893e+02,2.8038861066e+01,300000,max_evaluations,14.369546
atmals-gsk,cec2013,9,30,50,109242858,-5.6917325330e+02,3.0826746698e+01,300000,max_evaluations,14.018618
atmals-gsk,cec2013,9,30,51,110242895,-5.7159057409e+02,2.8409425907e+01,300000,max_evaluations,14.270020
atmals-gsk,cec2013,10,30,1,61241078,-4.9995811946e+02,4.1880537771e-02,300000,max_evaluations,10.134704
atmals-gsk,cec2013,10,30,2,62241115,-4.9994827193e+02,5.1728065813e-02,300000,max_evaluations,10.577839
atmals-gsk,cec2013,10,30,3,63241152,-4.9988176665e+02,1.1823335347e-01,300000,max_evaluations,12.170591
atmals-gsk,cec2013,10,30,4,64241189,-4.9982507434e+02,1.7492566433e-01,300000,max_evaluations,11.384086
atmals-gsk,cec2013,10,30,5,65241226,-4.9994336176e+02,5.6638241026e-02,300000,max_evaluations,11.366783
atmals-gsk,cec2013,10,30,6,66241263,-4.9992603956e+02,7.3960439048e-02,300000,max_evaluations,11.694071
atmals-gsk,cec2013,10,30,7,67241300,-4.9975592571e+02,2.4407429446e-01,300000,max_evaluations,12.254325
atmals-gsk,cec2013,10,30,8,68241337,-4.9994092507e+02,5.9074930337e-02,300000,max_evaluations,11.926353
atmals-gsk,cec2013,10,30,9,69241374,-4.9998522022e+02,1.4779776755e-02,300000,max_evaluations,11.890169
atmals-gsk,cec2013,10,30,10,70241411,-4.9997287462e+02,2.7125384396e-02,300000,max_evaluations,10.145195
atmals-gsk,cec2013,10,30,11,71241448,-4.9997289431e+02,2.7105692825e-02,300000,max_evaluations,10.246684
atmals-gsk,cec2013,10,30,12,72241485,-4.9999260396e+02,7.3960403342e-03,300000,max_evaluations,9.938968
atmals-gsk,cec2013,10,30,13,73241522,-4.9990635211e+02,9.3647889153e-02,300000,max_evaluations,10.295258
atmals-gsk,cec2013,10,30,14,74241559,-4.9986201016e+02,1.3798984012e-01,300000,max_evaluations,10.477492
atmals-gsk,cec2013,10,30,15,75241596,-4.9994828919e+02,5.1710810773e-02,300000,max_evaluations,10.400701
atmals-gsk,cec2013,10,30,16,76241633,-4.9991621914e+02,8.3780856809e-02,300000,max_evaluations,9.516168
atmals-gsk,cec2013,10,30,17,77241670,-4.9991867063e+02,8.1329369020e-02,300000,max_evaluations,9.214568
atmals-gsk,cec2013,10,30,18,78241707,-4.9994082182e+02,5.9178177055e-02,300000,max_evaluations,9.101855
atmals-gsk,cec2013,10,30,19,79241744,-4.9994576154e+02,5.4238464465e-02,300000,max_evaluations,9.157559
atmals-gsk,cec2013,10,30,20,80241781,-4.9996800128e+02,3.1998722453e-02,300000,max_evaluations,9.133229
atmals-gsk,cec2013,10,30,21,81241818,-4.9993603687e+02,6.3963130860e-02,300000,max_evaluations,9.363200
atmals-gsk,cec2013,10,30,22,82241855,-4.9996061752e+02,3.9382476132e-02,300000,max_evaluations,9.264079
atmals-gsk,cec2013,10,30,23,83241892,-4.9988918735e+02,1.1081265247e-01,300000,max_evaluations,9.281026
atmals-gsk,cec2013,10,30,24,84241929,-4.9996796444e+02,3.2035561356e-02,300000,max_evaluations,11.255304
atmals-gsk,cec2013,10,30,25,85241966,-4.9994582294e+02,5.4177064215e-02,300000,max_evaluations,11.387655
atmals-gsk,cec2013,10,30,26,86242003,-4.9991131390e+02,8.8686103684e-02,300000,max_evaluations,10.805422
atmals-gsk,cec2013,10,30,27,87242040,-4.9991879099e+02,8.1209009079e-02,300000,max_evaluations,11.442019
atmals-gsk,cec2013,10,30,28,88242077,-4.9995317726e+02,4.6822739737e-02,300000,max_evaluations,11.145069
atmals-gsk,cec2013,10,30,29,89242114,-4.9992603956e+02,7.3960439047e-02,300000,max_evaluations,11.642407
atmals-gsk,cec2013,10,30,30,90242151,-4.9990393986e+02,9.6060144872e-02,300000,max_evaluations,11.492809
atmals-gsk,cec2013,10,30,31,91242188,-4.9989397693e+02,1.0602306781e-01,300000,max_evaluations,9.109469
atmals-gsk,cec2013,10,30,32,92242225,-4.9996303949e+02,3.6960506238e-02,300000,max_evaluations,9.211479
atmals-gsk,cec2013,10,30,33,93242262,-4.9991376041e+02,8.6239588552e-02,300000,max_evaluations,9.089329
atmals-gsk,cec2013,10,30,34,94242299,-4.9986946037e+02,1.3053963087e-01,300000,max_evaluations,9.136829
atmals-gsk,cec2013,10,30,35,95242336,-4.9996309349e+02,3.6906508231e-02,300000,max_evaluations,9.279157
atmals-gsk,cec2013,10,30,36,96242373,-4.9988430139e+02,1.1569861446e-01,300000,max_evaluations,9.349018
atmals-gsk,cec2013,10,30,37,97242410,-4.9991376537e+02,8.6234632341e-02,300000,max_evaluations,9.098759
atmals-gsk,cec2013,10,30,38,98242447,-4.9999013533e+02,9.8646720611e-03,300000,max_evaluations,9.341081
atmals-gsk,cec2013,10,30,39,99242484,-4.9995317726e+02,4.6822739737e-02,300000,max_evaluations,9.974120
atmals-gsk,cec2013,10,30,40,100242521,-4.9998522759e+02,1.4772407723e-02,300000,max_evaluations,9.903374
atmals-gsk,cec2013,10,30,41,101242558,-4.9995563360e+02,4.4366404819e-02,300000,max_evaluations,10.594236
atmals-gsk,cec2013,10,30,42,102242595,-4.9995812437e+02,4.1875631925e-02,300000,max_evaluations,10.988740
atmals-gsk,cec2013,10,30,43,103242632,-4.9997781434e+02,2.2185660857e-02,300000,max_evaluations,10.542612
atmals-gsk,cec2013,10,30,44,104242669,-4.9982246790e+02,1.7753210472e-01,300000,max_evaluations,10.385784
atmals-gsk,cec2013,10,30,45,105242706,-4.9990635446e+02,9.3645539536e-02,300000,max_evaluations,9.750418
atmals-gsk,cec2013,10,30,46,106242743,-4.9971424654e+02,2.8575346093e-01,300000,max_evaluations,7.684535
atmals-gsk,cec2013,10,30,47,107242780,-4.9988929032e+02,1.1070968318e-01,300000,max_evaluations,7.825023
atmals-gsk,cec2013,10,30,48,108242817,-4.9989655632e+02,1.0344367873e-01,300000,max_evaluations,7.485370
atmals-gsk,cec2013,10,30,49,109242854,-4.9994822032e+02,5.1779676755e-02,300000,max_evaluations,7.366559
atmals-gsk,cec2013,10,30,50,110242891,-4.9993839012e+02,6.1609881250e-02,300000,max_evaluations,7.349306
atmals-gsk,cec2013,10,30,51,111242928,-4.9994330029e+02,5.6699708505e-02,300000,max_evaluations,7.448997
atmals-gsk,cec2013,11,30,1,62241111,-4.0000000000e+02,0.0000000000e+00,300000,max_evaluations,8.109228
atmals-gsk,cec2013,11,30,2,63241148,-3.9999523944e+02,4.7605554644e-03,300000,max_evaluations,8.622820
atmals-gsk,cec2013,11,30,3,64241185,-3.9983688747e+02,1.6311253450e-01,300000,max_evaluations,9.074884
atmals-gsk,cec2013,11,30,4,65241222,-4.0000000000e+02,0.0000000000e+00,300000,max_evaluations,8.931808
atmals-gsk,cec2013,11,30,5,66241259,-4.0000000000e+02,0.0000000000e+00,300000,max_evaluations,8.516641
atmals-gsk,cec2013,11,30,6,67241296,-3.9998274226e+02,1.7257737225e-02,300000,max_evaluations,9.046737
atmals-gsk,cec2013,11,30,7,68241333,-4.0000000000e+02,0.0000000000e+00,300000,max_evaluations,8.554993
atmals-gsk,cec2013,11,30,8,69241370,-4.0000000000e+02,0.0000000000e+00,300000,max_evaluations,8.774296
atmals-gsk,cec2013,11,30,9,70241407,-4.0000000000e+02,0.0000000000e+00,300000,max_evaluations,9.295528
atmals-gsk,cec2013,11,30,10,71241444,-4.0000000000e+02,0.0000000000e+00,300000,max_evaluations,7.919071
atmals-gsk,cec2013,11,30,11,72241481,-3.9994491873e+02,5.5081270855e-02,300000,max_evaluations,7.937791
atmals-gsk,cec2013,11,30,12,73241518,-4.0000000000e+02,0.0000000000e+00,300000,max_evaluations,7.498174
atmals-gsk,cec2013,11,30,13,74241555,-4.0000000000e+02,0.0000000000e+00,300000,max_evaluations,7.541011
atmals-gsk,cec2013,11,30,14,75241592,-4.0000000000e+02,0.0000000000e+00,300000,max_evaluations,8.002237
atmals-gsk,cec2013,11,30,15,76241629,-4.0000000000e+02,0.0000000000e+00,300000,max_evaluations,7.725832
atmals-gsk,cec2013,11,30,16,77241666,-4.0000000000e+02,0.0000000000e+00,300000,max_evaluations,9.801668
atmals-gsk,cec2013,11,30,17,78241703,-4.0000000000e+02,0.0000000000e+00,300000,max_evaluations,9.784485
atmals-gsk,cec2013,11,30,18,79241740,-3.9989390971e+02,1.0609028765e-01,300000,max_evaluations,10.054021
atmals-gsk,cec2013,11,30,19,80241777,-3.9999366873e+02,6.3312654988e-03,300000,max_evaluations,9.761058
atmals-gsk,cec2013,11,30,20,81241814,-4.0000000000e+02,0.0000000000e+00,300000,max_evaluations,9.763342
atmals-gsk,cec2013,11,30,21,82241851,-3.9990011240e+02,9.9887602487e-02,300000,max_evaluations,10.000005
atmals-gsk,cec2013,11,30,22,83241888,-4.0000000000e+02,0.0000000000e+00,300000,max_evaluations,10.027904
atmals-gsk,cec2013,11,30,23,84241925,-3.9999955222e+02,4.4778392845e-04,300000,max_evaluations,11.695306
atmals-gsk,cec2013,11,30,24,85241962,-3.9900458730e+02,9.9541269833e-01,300000,max_evaluations,11.775154
atmals-gsk,cec2013,11,30,25,86241999,-4.0000000000e+02,0.0000000000e+00,300000,max_evaluations,10.126168
atmals-gsk,cec2013,11,30,26,87242036,-3.9900504094e+02,9.9495905709e-01,300000,max_evaluations,12.249521
atmals-gsk,cec2013,11,30,27,88242073,-4.0000000000e+02,0.0000000000e+00,300000,max_evaluations,12.103211
atmals-gsk,cec2013,11,30,28,89242110,-4.0000000000e+02,0.0000000000e+00,300000,max_evaluations,11.932325
atmals-gsk,cec2013,11,30,29,90242147,-4.0000000000e+02,0.0000000000e+00,300000,max_evaluations,11.795949
atmals-gsk,cec2013,11,30,30,91242184,-3.9900504094e+02,9.9495905709e-01,300000,max_evaluations,11.555111
atmals-gsk,cec2013,11,30,31,92242221,-4.0000000000e+02,0.0000000000e+00,300000,max_evaluations,10.381217
atmals-gsk,cec2013,11,30,32,93242258,-4.0000000000e+02,0.0000000000e+00,300000,max_evaluations,10.030406
atmals-gsk,cec2013,11,30,33,94242295,-3.9999577544e+02,4.2245629169e-03,300000,max_evaluations,9.190822
atmals-gsk,cec2013,11,30,34,95242332,-4.0000000000e+02,0.0000000000e+00,300000,max_evaluations,9.868849
atmals-gsk,cec2013,11,30,35,96242369,-4.0000000000e+02,0.0000000000e+00,300000,max_evaluations,10.063682
atmals-gsk,cec2013,11,30,36,97242406,-4.0000000000e+02,0.0000000000e+00,300000,max_evaluations,10.296453
atmals-gsk,cec2013,11,30,37,98242443,-3.9991280723e+02,8.7192770862e-02,300000,max_evaluations,9.674413
atmals-gsk,cec2013,11,30,38,99242480,-3.9995221188e+02,4.7788120285e-02,300000,max_evaluations,10.264429
atmals-gsk,cec2013,11,30,39,100242517,-3.9980490829e+02,1.9509171141e-01,300000,max_evaluations,11.884270
atmals-gsk,cec2013,11,30,40,101242554,-4.0000000000e+02,0.0000000000e+00,300000,max_evaluations,11.263873
atmals-gsk,cec2013,11,30,41,102242591,-4.0000000000e+02,0.0000000000e+00,300000,max_evaluations,11.538009
atmals-gsk,cec2013,11,30,42,103242628,-4.0000000000e+02,0.0000000000e+00,300000,max_evaluations,10.945621
atmals-gsk,cec2013,11,30,43,104242665,-4.0000000000e+02,0.0000000000e+00,300000,max_evaluations,11.164679
atmals-gsk,cec2013,11,30,44,105242702,-3.9900504031e+02,9.9495968529e-01,300000,max_evaluations,11.206689
atmals-gsk,cec2013,11,30,45,106242739,-3.9895224690e+02,1.0477531027e+00,300000,max_evaluations,11.264920
atmals-gsk,cec2013,11,30,46,107242776,-4.0000000000e+02,0.0000000000e+00,300000,max_evaluations,8.245508
atmals-gsk,cec2013,11,30,47,108242813,-3.9900504094e+02,9.9495905709e-01,300000,max_evaluations,7.981395
atmals-gsk,cec2013,11,30,48,109242850,-4.0000000000e+02,0.0000000000e+00,300000,max_evaluations,8.060576
atmals-gsk,cec2013,11,30,49,110242887,-3.9999999999e+02,0.0000000000e+00,300000,max_evaluations,8.062086
atmals-gsk,cec2013,11,30,50,111242924,-4.0000000000e+02,0.0000000000e+00,300000,max_evaluations,8.095812
atmals-gsk,cec2013,11,30,51,112242961,-4.0000000000e+02,0.0000000000e+00,300000,max_evaluations,7.935968
atmals-gsk,cec2013,12,30,1,63241144,-2.0182488592e+02,9.8175114078e+01,300000,max_evaluations,8.694641
atmals-gsk,cec2013,12,30,2,64241181,-2.1308698019e+02,8.6913019815e+01,300000,max_evaluations,8.878415
atmals-gsk,cec2013,12,30,3,65241218,-2.5647896209e+02,4.3521037913e+01,300000,max_evaluations,9.750088
atmals-gsk,cec2013,12,30,4,66241255,-2.5044449621e+02,4.9555503787e+01,300000,max_evaluations,10.408913
atmals-gsk,cec2013,12,30,5,67241292,-2.5388492836e+02,4.6115071643e+01,300000,max_evaluations,10.051938
atmals-gsk,cec2013,12,30,6,68241329,-2.5903972990e+02,4.0960270105e+01,300000,max_evaluations,10.060881
atmals-gsk,cec2013,12,30,7,69241366,-2.4248395019e+02,5.7516049808e+01,300000,max_evaluations,9.386662
atmals-gsk,cec2013,12,30,8,70241403,-2.4575825242e+02,5.4241747584e+01,300000,max_evaluations,10.086171
atmals-gsk,cec2013,12,30,9,71241440,-2.5290971281e+02,4.7090287190e+01,300000,max_evaluations,9.902438
atmals-gsk,cec2013,12,30,10,72241477,-2.2073026930e+02,7.9269730696e+01,300000,max_evaluations,9.232694
atmals-gsk,cec2013,12,30,11,73241514,-2.3293018959e+02,6.7069810413e+01,300000,max_evaluations,9.003019
atmals-gsk,cec2013,12,30,12,74241551,-2.2813411281e+02,7.1865887189e+01,300000,max_evaluations,8.777953
atmals-gsk,cec2013,12,30,13,75241588,-2.3499254585e+02,6.5007454148e+01,300000,max_evaluations,8.928534
atmals-gsk,cec2013,12,30,14,76241625,-2.3302742010e+02,6.6972579901e+01,300000,max_evaluations,8.904607
atmals-gsk,cec2013,12,30,15,77241662,-2.2000283260e+02,7.9997167402e+01,300000,max_evaluations,8.938135
atmals-gsk,cec2013,12,30,16,78241699,-2.5107124862e+02,4.8928751378e+01,300000,max_evaluations,10.349278
atmals-gsk,cec2013,12,30,17,79241736,-2.2063989930e+02,7.9360100703e+01,300000,max_evaluations,10.985789
atmals-gsk,cec2013,12,30,18,80241773,-2.3989548203e+02,6.0104517970e+01,300000,max_evaluations,10.711415
atmals-gsk,cec2013,12,30,19,81241810,-2.5117699975e+02,4.8823000252e+01,300000,max_evaluations,10.987159
atmals-gsk,cec2013,12,30,20,82241847,-2.3994030715e+02,6.0059692852e+01,300000,max_evaluations,10.671722
atmals-gsk,cec2013,12,30,21,83241884,-2.6194769248e+02,3.8052307524e+01,300000,max_evaluations,10.660704
atmals-gsk,cec2013,12,30,22,84241921,-2.2995355910e+02,7.0046440900e+01,300000,max_evaluations,10.088578
atmals-gsk,cec2013,12,30,23,85241958,-2.4691948129e+02,5.3080518706e+01,300000,max_evaluations,10.488914
atmals-gsk,cec2013,12,30,24,86241995,-2.1290631993e+02,8.7093680072e+01,300000,max_evaluations,12.908044
atmals-gsk,cec2013,12,30,25,87242032,-1.8329507247e+02,1.1670492753e+02,300000,max_evaluations,12.581695
atmals-gsk,cec2013,12,30,26,88242069,-2.4256475661e+02,5.7435243387e+01,300000,max_evaluations,12.723355
atmals-gsk,cec2013,12,30,27,89242106,-2.1486421717e+02,8.5135782828e+01,300000,max_evaluations,12.191623
atmals-gsk,cec2013,12,30,28,90242143,-2.0827361321e+02,9.1726386787e+01,300000,max_evaluations,12.277118
atmals-gsk,cec2013,12,30,29,91242180,-2.5383553321e+02,4.6164466789e+01,300000,max_evaluations,12.386145
atmals-gsk,cec2013,12,30,30,92242217,-2.4589896779e+02,5.4101032211e+01,300000,max_evaluations,11.506919
atmals-gsk,cec2013,12,30,31,93242254,-2.2158247968e+02,7.8417520318e+01,300000,max_evaluations,10.727645
atmals-gsk,cec2013,12,30,32,94242291,-2.4177851631e+02,5.8221483689e+01,300000,max_evaluations,10.158008
atmals-gsk,cec2013,12,30,33,95242328,-2.1701668971e+02,8.2983310295e+01,300000,max_evaluations,10.441600
atmals-gsk,cec2013,12,30,34,96242365,-2.5165711650e+02,4.8342883505e+01,300000,max_evaluations,9.902635
atmals-gsk,cec2013,12,30,35,97242402,-2.4405910267e+02,5.5940897334e+01,300000,max_evaluations,10.237913
atmals-gsk,cec2013,12,30,36,98242439,-1.9217558819e+02,1.0782441181e+02,300000,max_evaluations,10.546146
atmals-gsk,cec2013,12,30,37,99242476,-2.2809803945e+02,7.1901960553e+01,300000,max_evaluations,10.556112
atmals-gsk,cec2013,12,30,38,100242513,-2.2790174876e+02,7.2098251243e+01,300000,max_evaluations,10.257675
atmals-gsk,cec2013,12,30,39,101242550,-2.6963658351e+02,3.0363416486e+01,300000,max_evaluations,11.039739
atmals-gsk,cec2013,12,30,40,102242587,-2.2906796351e+02,7.0932036494e+01,300000,max_evaluations,11.413791
atmals-gsk,cec2013,12,30,41,103242624,-2.3486276290e+02,6.5137237096e+01,300000,max_evaluations,11.425423
atmals-gsk,cec2013,12,30,42,104242661,-2.0116780173e+02,9.8832198272e+01,300000,max_evaluations,11.489560
atmals-gsk,cec2013,12,30,43,105242698,-2.2872278210e+02,7.1277217900e+01,300000,max_evaluations,11.149682
atmals-gsk,cec2013,12,30,44,106242735,-2.6155752217e+02,3.8442477834e+01,300000,max_evaluations,11.212942
atmals-gsk,cec2013,12,30,45,107242772,-2.7413107963e+02,2.5868920371e+01,300000,max_evaluations,11.658084
atmals-gsk,cec2013,12,30,46,108242809,-2.5184533496e+02,4.8154665040e+01,300000,max_evaluations,8.183006
atmals-gsk,cec2013,12,30,47,109242846,-2.5008120742e+02,4.9918792580e+01,300000,max_evaluations,8.002028
atmals-gsk,cec2013,12,30,48,110242883,-2.2693121477e+02,7.3068785230e+01,300000,max_evaluations,7.959959
atmals-gsk,cec2013,12,30,49,111242920,-2.1305960247e+02,8.6940397527e+01,300000,max_evaluations,7.848129
atmals-gsk,cec2013,12,30,50,112242957,-2.3094082772e+02,6.9059172283e+01,300000,max_evaluations,8.135613
atmals-gsk,cec2013,12,30,51,113242994,-2.6299557742e+02,3.7004422575e+01,300000,max_evaluations,7.981710
atmals-gsk,cec2013,13,30,1,64241177,-1.0822467115e+02,9.1775328851e+01,300000,max_evaluations,8.766792
atmals-gsk,cec2013,13,30,2,65241214,-1.0014724837e+02,9.9852751633e+01,300000,max_evaluations,8.492464
atmals-gsk,cec2013,13,30,3,66241251,-1.2500619167e+02,7.4993808330e+01,300000,max_evaluations,9.737047
atmals-gsk,cec2013,13,30,4,67241288,-9.4756853334e+01,1.0524314667e+02,300000,max_evaluations,9.703793
atmals-gsk,cec2013,13,30,5,68241325,-7.9255151110e+01,1.2074484889e+02,300000,max_evaluations,10.274246
atmals-gsk,cec2013,13,30,6,69241362,-1.3019756439e+02,6.9802435608e+01,300000,max_evaluations,9.810602
atmals-gsk,cec2013,13,30,7,70241399,-6.1369947213e+01,1.3863005279e+02,300000,max_evaluations,9.519523
atmals-gsk,cec2013,13,30,8,71241436,-8.0649940768e+01,1.1935005923e+02,300000,max_evaluations,9.900269
atmals-gsk,cec2013,13,30,9,72241473,-9.1081435010e+01,1.0891856499e+02,300000,max_evaluations,9.797839
atmals-gsk,cec2013,13,30,10,73241510,-8.7617757702e+01,1.1238224230e+02,300000,max_evaluations,8.818620
atmals-gsk,cec2013,13,30,11,74241547,-6.3300127933e+01,1.3669987207e+02,300000,max_evaluations,8.886826
atmals-gsk,cec2013,13,30,12,75241584,-3.3238700969e+01,1.6676129903e+02,300000,max_evaluations,8.603543
atmals-gsk,cec2013,13,30,13,76241621,-6.1982427585e+01,1.3801757241e+02,300000,max_evaluations,8.544389
atmals-gsk,cec2013,13,30,14,77241658,-1.4632032656e+02,5.3679673443e+01,300000,max_evaluations,8.873584
atmals-gsk,cec2013,13,30,15,78241695,-1.3548514075e+02,6.4514859252e+01,300000,max_evaluations,8.817141
atmals-gsk,cec2013,13,30,16,79241732,-6.4485167796e+01,1.3551483220e+02,300000,max_evaluations,9.948562
atmals-gsk,cec2013,13,30,17,80241769,-1.2230384157e+02,7.7696158428e+01,300000,max_evaluations,10.097498
atmals-gsk,cec2013,13,30,18,81241806,-1.1521616962e+02,8.4783830379e+01,300000,max_evaluations,10.131664
atmals-gsk,cec2013,13,30,19,82241843,-9.6091973355e+01,1.0390802665e+02,300000,max_evaluations,10.266423
atmals-gsk,cec2013,13,30,20,83241880,-2.8016477182e+01,1.7198352282e+02,300000,max_evaluations,10.022128
atmals-gsk,cec2013,13,30,21,84241917,-7.0918506298e+01,1.2908149370e+02,300000,max_evaluations,10.092979
atmals-gsk,cec2013,13,30,22,85241954,-6.0215815706e+01,1.3978418429e+02,300000,max_evaluations,9.982226
atmals-gsk,cec2013,13,30,23,86241991,-8.3426932092e+01,1.1657306791e+02,300000,max_evaluations,10.011416
atmals-gsk,cec2013,13,30,24,87242028,-9.4460303635e+01,1.0553969636e+02,300000,max_evaluations,11.824107
atmals-gsk,cec2013,13,30,25,88242065,-8.4845351516e+01,1.1515464848e+02,300000,max_evaluations,11.909015
atmals-gsk,cec2013,13,30,26,89242102,-8.4087518139e+01,1.1591248186e+02,300000,max_evaluations,11.651851
atmals-gsk,cec2013,13,30,27,90242139,-7.9690228592e+01,1.2030977141e+02,300000,max_evaluations,11.576604
atmals-gsk,cec2013,13,30,28,91242176,-1.3829487937e+02,6.1705120635e+01,300000,max_evaluations,11.722780
atmals-gsk,cec2013,13,30,29,92242213,-6.4442982455e+01,1.3555701754e+02,300000,max_evaluations,12.254670
atmals-gsk,cec2013,13,30,30,93242250,-1.0737337307e+02,9.2626626928e+01,300000,max_evaluations,11.797257
atmals-gsk,cec2013,13,30,31,94242287,-1.3349811120e+02,6.6501888798e+01,300000,max_evaluations,9.862781
atmals-gsk,cec2013,13,30,32,95242324,-1.1892864046e+02,8.1071359536e+01,300000,max_evaluations,10.020130
atmals-gsk,cec2013,13,30,33,96242361,-1.0263717361e+02,9.7362826394e+01,300000,max_evaluations,9.863771
atmals-gsk,cec2013,13,30,34,97242398,-1.1963651490e+02,8.0363485098e+01,300000,max_evaluations,9.967700
atmals-gsk,cec2013,13,30,35,98242435,-1.1023575180e+02,8.9764248203e+01,300000,max_evaluations,9.961047
atmals-gsk,cec2013,13,30,36,99242472,-9.9246839334e+01,1.0075316067e+02,300000,max_evaluations,10.011860
atmals-gsk,cec2013,13,30,37,100242509,-9.4786062838e+01,1.0521393716e+02,300000,max_evaluations,9.914732
atmals-gsk,cec2013,13,30,38,101242546,-9.5220183554e+01,1.0477981645e+02,300000,max_evaluations,9.772261
atmals-gsk,cec2013,13,30,39,102242583,-9.1973431118e+01,1.0802656888e+02,300000,max_evaluations,11.122786
atmals-gsk,cec2013,13,30,40,103242620,-7.8101447816e+01,1.2189855218e+02,300000,max_evaluations,11.634734
atmals-gsk,cec2013,13,30,41,104242657,-5.5713646997e+01,1.4428635300e+02,300000,max_evaluations,11.288284
atmals-gsk,cec2013,13,30,42,105242694,-9.6583099928e+01,1.0341690007e+02,300000,max_evaluations,11.239110
atmals-gsk,cec2013,13,30,43,106242731,-1.0157839921e+02,9.8421600787e+01,300000,max_evaluations,11.329110
atmals-gsk,cec2013,13,30,44,107242768,-8.6186897664e+01,1.1381310234e+02,300000,max_evaluations,10.952448
atmals-gsk,cec2013,13,30,45,108242805,-1.3538901379e+02,6.4610986206e+01,300000,max_evaluations,11.054916
atmals-gsk,cec2013,13,30,46,109242842,-8.6704634541e+01,1.1329536546e+02,300000,max_evaluations,8.179284
atmals-gsk,cec2013,13,30,47,110242879,-9.9534072150e+01,1.0046592785e+02,300000,max_evaluations,7.953893
atmals-gsk,cec2013,13,30,48,111242916,-1.1415507492e+02,8.5844925076e+01,300000,max_evaluations,7.652995
atmals-gsk,cec2013,13,30,49,112242953,-1.3350861612e+02,6.6491383885e+01,300000,max_evaluations,7.804145
atmals-gsk,cec2013,13,30,50,113242990,-8.7648272362e+01,1.1235172764e+02,300000,max_evaluations,7.719461
atmals-gsk,cec2013,13,30,51,114243027,-6.7551429106e+01,1.3244857089e+02,300000,max_evaluations,7.810226
atmals-gsk,cec2013,14,30,1,65241210,1.1865910485e+03,1.2865910485e+03,300000,max_evaluations,8.128136
atmals-gsk,cec2013,14,30,2,66241247,8.7332468231e+02,9.7332468231e+02,300000,max_evaluations,7.922512
atmals-gsk,cec2013,14,30,3,67241284,1.1334269680e+03,1.2334269680e+03,300000,max_evaluations,9.086704
atmals-gsk,cec2013,14,30,4,68241321,1.0687498508e+03,1.1687498508e+03,300000,max_evaluations,8.943797
atmals-gsk,cec2013,14,30,5,69241358,1.2128561577e+03,1.3128561577e+03,300000,max_evaluations,8.718517
atmals-gsk,cec2013,14,30,6,70241395,9.6636688831e+02,1.0663668883e+03,300000,max_evaluations,9.433578
atmals-gsk,cec2013,14,30,7,71241432,1.1598422907e+03,1.2598422907e+03,300000,max_evaluations,9.078828
atmals-gsk,cec2013,14,30,8,72241469,9.0948738146e+02,1.0094873815e+03,300000,max_evaluations,8.782732
atmals-gsk,cec2013,14,30,9,73241506,9.9558791740e+02,1.0955879174e+03,300000,max_evaluations,9.422460
atmals-gsk,cec2013,14,30,10,74241543,1.1885927545e+03,1.2885927545e+03,300000,max_evaluations,7.759493
atmals-gsk,cec2013,14,30,11,75241580,1.1676763699e+03,1.2676763699e+03,300000,max_evaluations,8.029883
atmals-gsk,cec2013,14,30,12,76241617,1.5533900552e+03,1.6533900552e+03,300000,max_evaluations,7.691951
atmals-gsk,cec2013,14,30,13,77241654,4.7665660628e+02,5.7665660628e+02,300000,max_evaluations,8.114539
atmals-gsk,cec2013,14,30,14,78241691,9.3230599843e+02,1.0323059984e+03,300000,max_evaluations,8.003168
atmals-gsk,cec2013,14,30,15,79241728,9.9625087466e+02,1.0962508747e+03,300000,max_evaluations,8.005697
atmals-gsk,cec2013,14,30,16,80241765,8.3494739775e+02,9.3494739775e+02,300000,max_evaluations,11.268017
atmals-gsk,cec2013,14,30,17,81241802,8.4815540271e+02,9.4815540271e+02,300000,max_evaluations,10.999432
atmals-gsk,cec2013,14,30,18,82241839,8.9048479935e+02,9.9048479935e+02,300000,max_evaluations,10.813156
atmals-gsk,cec2013,14,30,19,83241876,1.4114213793e+03,1.5114213793e+03,300000,max_evaluations,11.141310
atmals-gsk,cec2013,14,30,20,84241913,1.2817988367e+03,1.3817988367e+03,300000,max_evaluations,11.359166
atmals-gsk,cec2013,14,30,21,85241950,7.8340475501e+02,8.8340475501e+02,300000,max_evaluations,11.034448
atmals-gsk,cec2013,14,30,22,86241987,1.1815023419e+03,1.2815023419e+03,300000,max_evaluations,11.511059
atmals-gsk,cec2013,14,30,23,87242024,1.0572774898e+03,1.1572774898e+03,300000,max_evaluations,11.358779
atmals-gsk,cec2013,14,30,24,88242061,1.3210883557e+03,1.4210883557e+03,300000,max_evaluations,13.058250
atmals-gsk,cec2013,14,30,25,89242098,8.2442130855e+02,9.2442130855e+02,300000,max_evaluations,13.030461
atmals-gsk,cec2013,14,30,26,90242135,8.0153706062e+02,9.0153706062e+02,300000,max_evaluations,13.012780
atmals-gsk,cec2013,14,30,27,91242172,5.4854970887e+02,6.4854970887e+02,300000,max_evaluations,12.677554
atmals-gsk,cec2013,14,30,28,92242209,1.2664863433e+03,1.3664863433e+03,300000,max_evaluations,12.013519
atmals-gsk,cec2013,14,30,29,93242246,1.0190936595e+03,1.1190936595e+03,300000,max_evaluations,13.640196
atmals-gsk,cec2013,14,30,30,94242283,1.0197114297e+03,1.1197114297e+03,300000,max_evaluations,13.432573
atmals-gsk,cec2013,14,30,31,95242320,6.3764082565e+02,7.3764082565e+02,300000,max_evaluations,10.824232
atmals-gsk,cec2013,14,30,32,96242357,7.8756308669e+02,8.8756308669e+02,300000,max_evaluations,11.032558
atmals-gsk,cec2013,14,30,33,97242394,1.0712203161e+03,1.1712203161e+03,300000,max_evaluations,10.984891
atmals-gsk,cec2013,14,30,34,98242431,1.1062920759e+03,1.2062920759e+03,300000,max_evaluations,11.017616
atmals-gsk,cec2013,14,30,35,99242468,9.9534276762e+02,1.0953427676e+03,300000,max_evaluations,11.750714
atmals-gsk,cec2013,14,30,36,100242505,9.0544271884e+02,1.0054427188e+03,300000,max_evaluations,11.083727
atmals-gsk,cec2013,14,30,37,101242542,1.1980438216e+03,1.2980438216e+03,300000,max_evaluations,10.959818
atmals-gsk,cec2013,14,30,38,102242579,1.0204166464e+03,1.1204166464e+03,300000,max_evaluations,10.504408
atmals-gsk,cec2013,14,30,39,103242616,6.8070259406e+02,7.8070259406e+02,300000,max_evaluations,11.832268
atmals-gsk,cec2013,14,30,40,104242653,5.1943923272e+02,6.1943923272e+02,300000,max_evaluations,11.710427
atmals-gsk,cec2013,14,30,41,105242690,1.1712799583e+03,1.2712799583e+03,300000,max_evaluations,11.758167
atmals-gsk,cec2013,14,30,42,106242727,1.4295593587e+03,1.5295593587e+03,300000,max_evaluations,11.451796
atmals-gsk,cec2013,14,30,43,107242764,1.0658613512e+03,1.1658613512e+03,300000,max_evaluations,11.824138
atmals-gsk,cec2013,14,30,44,108242801,1.2861140573e+03,1.3861140573e+03,300000,max_evaluations,11.058865
atmals-gsk,cec2013,14,30,45,109242838,8.7913468687e+02,9.7913468687e+02,300000,max_evaluations,11.232480
atmals-gsk,cec2013,14,30,46,110242875,6.9196090607e+02,7.9196090607e+02,300000,max_evaluations,7.493199
atmals-gsk,cec2013,14,30,47,111242912,1.2405016384e+03,1.3405016384e+03,300000,max_evaluations,7.476114
atmals-gsk,cec2013,14,30,48,112242949,1.0632700946e+03,1.1632700946e+03,300000,max_evaluations,7.595199
atmals-gsk,cec2013,14,30,49,113242986,1.5508152143e+03,1.6508152143e+03,300000,max_evaluations,7.604768
atmals-gsk,cec2013,14,30,50,114243023,1.1726100281e+03,1.2726100281e+03,300000,max_evaluations,7.268437
atmals-gsk,cec2013,14,30,51,115243060,1.3625435903e+03,1.4625435903e+03,300000,max_evaluations,7.276826
atmals-gsk,cec2013,15,30,1,66241243,4.6541643715e+03,4.5541643715e+03,300000,max_evaluations,7.971556
atmals-gsk,cec2013,15,30,2,67241280,3.1797572807e+03,3.0797572807e+03,300000,max_evaluations,8.149354
atmals-gsk,cec2013,15,30,3,68241317,3.6682759748e+03,3.5682759748e+03,300000,max_evaluations,9.134970
atmals-gsk,cec2013,15,30,4,69241354,3.9410305241e+03,3.8410305241e+03,300000,max_evaluations,9.106757
atmals-gsk,cec2013,15,30,5,70241391,6.0078002218e+03,5.9078002218e+03,300000,max_evaluations,9.226655
atmals-gsk,cec2013,15,30,6,71241428,4.0079824013e+03,3.9079824013e+03,300000,max_evaluations,8.811017
atmals-gsk,cec2013,15,30,7,72241465,4.4479543390e+03,4.3479543390e+03,300000,max_evaluations,9.118289
atmals-gsk,cec2013,15,30,8,73241502,3.9859568543e+03,3.8859568543e+03,300000,max_evaluations,9.964092
atmals-gsk,cec2013,15,30,9,74241539,3.9394720280e+03,3.8394720280e+03,300000,max_evaluations,9.352810
atmals-gsk,cec2013,15,30,10,75241576,4.3878878276e+03,4.2878878276e+03,300000,max_evaluations,7.949438
atmals-gsk,cec2013,15,30,11,76241613,4.2550028521e+03,4.1550028521e+03,300000,max_evaluations,8.118298
atmals-gsk,cec2013,15,30,12,77241650,5.4247161272e+03,5.3247161272e+03,300000,max_evaluations,7.975788
atmals-gsk,cec2013,15,30,13,78241687,4.7171492140e+03,4.6171492140e+03,300000,max_evaluations,8.010258
atmals-gsk,cec2013,15,30,14,79241724,4.6347790972e+03,4.5347790972e+03,300000,max_evaluations,7.910055
atmals-gsk,cec2013,15,30,15,80241761,4.5043980689e+03,4.4043980689e+03,300000,max_evaluations,7.762406
atmals-gsk,cec2013,15,30,16,81241798,4.3967746980e+03,4.2967746980e+03,300000,max_evaluations,9.778181
atmals-gsk,cec2013,15,30,17,82241835,4.4431757111e+03,4.3431757111e+03,300000,max_evaluations,9.451569
atmals-gsk,cec2013,15,30,18,83241872,5.4221725576e+03,5.3221725576e+03,300000,max_evaluations,9.588173
atmals-gsk,cec2013,15,30,19,84241909,4.2143103855e+03,4.1143103855e+03,300000,max_evaluations,9.559981
atmals-gsk,cec2013,15,30,20,85241946,4.2913386822e+03,4.1913386822e+03,300000,max_evaluations,9.742223
atmals-gsk,cec2013,15,30,21,86241983,3.9857109975e+03,3.8857109975e+03,300000,max_evaluations,9.628831
atmals-gsk,cec2013,15,30,22,87242020,3.6305843262e+03,3.5305843262e+03,300000,max_evaluations,9.884128
atmals-gsk,cec2013,15,30,23,88242057,5.1618928963e+03,5.0618928963e+03,300000,max_evaluations,9.653067
atmals-gsk,cec2013,15,30,24,89242094,4.7126356288e+03,4.6126356288e+03,300000,max_evaluations,11.533326
atmals-gsk,cec2013,15,30,25,90242131,3.6377488862e+03,3.5377488862e+03,300000,max_evaluations,11.282834
atmals-gsk,cec2013,15,30,26,91242168,4.6985110535e+03,4.5985110535e+03,300000,max_evaluations,11.142079
atmals-gsk,cec2013,15,30,27,92242205,5.3007331731e+03,5.2007331731e+03,300000,max_evaluations,11.451147
atmals-gsk,cec2013,15,30,28,93242242,4.9710801310e+03,4.8710801310e+03,300000,max_evaluations,11.907810
atmals-gsk,cec2013,15,30,29,94242279,4.2698810257e+03,4.1698810257e+03,300000,max_evaluations,11.528656
atmals-gsk,cec2013,15,30,30,95242316,4.5140263358e+03,4.4140263358e+03,300000,max_evaluations,11.767090
atmals-gsk,cec2013,15,30,31,96242353,4.7503071473e+03,4.6503071473e+03,300000,max_evaluations,9.481715
atmals-gsk,cec2013,15,30,32,97242390,5.5380753360e+03,5.4380753360e+03,300000,max_evaluations,9.533888
atmals-gsk,cec2013,15,30,33,98242427,4.8706851343e+03,4.7706851343e+03,300000,max_evaluations,9.755358
atmals-gsk,cec2013,15,30,34,99242464,4.2546704485e+03,4.1546704485e+03,300000,max_evaluations,9.649352
atmals-gsk,cec2013,15,30,35,100242501,5.8631083913e+03,5.7631083913e+03,300000,max_evaluations,9.646536
atmals-gsk,cec2013,15,30,36,101242538,5.5611645920e+03,5.4611645920e+03,300000,max_evaluations,9.474050
atmals-gsk,cec2013,15,30,37,102242575,5.3963501125e+03,5.2963501125e+03,300000,max_evaluations,9.597694
atmals-gsk,cec2013,15,30,38,103242612,5.6687908396e+03,5.5687908396e+03,300000,max_evaluations,9.545090
atmals-gsk,cec2013,15,30,39,104242649,4.6133893553e+03,4.5133893553e+03,300000,max_evaluations,10.966463
atmals-gsk,cec2013,15,30,40,105242686,5.0526228745e+03,4.9526228745e+03,300000,max_evaluations,11.257198
atmals-gsk,cec2013,15,30,41,106242723,4.6736193535e+03,4.5736193535e+03,300000,max_evaluations,11.547712
atmals-gsk,cec2013,15,30,42,107242760,5.7757418212e+03,5.6757418212e+03,300000,max_evaluations,11.390131
atmals-gsk,cec2013,15,30,43,108242797,4.3606402970e+03,4.2606402970e+03,300000,max_evaluations,11.638899
atmals-gsk,cec2013,15,30,44,109242834,5.0326012295e+03,4.9326012295e+03,300000,max_evaluations,10.748911
atmals-gsk,cec2013,15,30,45,110242871,5.1797000786e+03,5.0797000786e+03,300000,max_evaluations,11.006367
atmals-gsk,cec2013,15,30,46,111242908,4.8146572523e+03,4.7146572523e+03,300000,max_evaluations,8.321193
atmals-gsk,cec2013,15,30,47,112242945,4.6167549178e+03,4.5167549178e+03,300000,max_evaluations,8.438262
atmals-gsk,cec2013,15,30,48,113242982,6.7786180111e+03,6.6786180111e+03,300000,max_evaluations,8.026508
atmals-gsk,cec2013,15,30,49,114243019,3.3691592856e+03,3.2691592856e+03,300000,max_evaluations,8.482205
atmals-gsk,cec2013,15,30,50,115243056,5.0307035863e+03,4.9307035863e+03,300000,max_evaluations,8.541720
atmals-gsk,cec2013,15,30,51,116243093,5.1173953818e+03,5.0173953818e+03,300000,max_evaluations,8.242479
atmals-gsk,cec2013,16,30,1,67241276,2.0151707054e+02,1.5170705423e+00,300000,max_evaluations,7.640790
atmals-gsk,cec2013,16,30,2,68241313,2.0185734738e+02,1.8573473844e+00,300000,max_evaluations,7.673393
atmals-gsk,cec2013,16,30,3,69241350,2.0125551615e+02,1.2555161479e+00,300000,max_evaluations,8.417909
atmals-gsk,cec2013,16,30,4,70241387,2.0178216333e+02,1.7821633310e+00,300000,max_evaluations,8.607589
atmals-gsk,cec2013,16,30,5,71241424,2.0082488648e+02,8.2488648265e-01,300000,max_evaluations,8.163907
atmals-gsk,cec2013,16,30,6,72241461,2.0143042078e+02,1.4304207829e+00,300000,max_evaluations,8.831942
atmals-gsk,cec2013,16,30,7,73241498,2.0134894364e+02,1.3489436360e+00,300000,max_evaluations,8.881945
atmals-gsk,cec2013,16,30,8,74241535,2.0167711071e+02,1.6771107070e+00,300000,max_evaluations,8.791433
atmals-gsk,cec2013,16,30,9,75241572,2.0108562956e+02,1.0856295570e+00,300000,max_evaluations,8.914289
atmals-gsk,cec2013,16,30,10,76241609,2.0093517003e+02,9.3517003148e-01,300000,max_evaluations,7.369588
atmals-gsk,cec2013,16,30,11,77241646,2.0226124806e+02,2.2612480581e+00,300000,max_evaluations,7.668692
atmals-gsk,cec2013,16,30,12,78241683,2.0111137013e+02,1.1113701255e+00,300000,max_evaluations,7.399679
atmals-gsk,cec2013,16,30,13,79241720,2.0159029362e+02,1.5902936235e+00,300000,max_evaluations,7.661230
atmals-gsk,cec2013,16,30,14,80241757,2.0104356047e+02,1.0435604715e+00,300000,max_evaluations,7.593432
atmals-gsk,cec2013,16,30,15,81241794,2.0166329631e+02,1.6632963132e+00,300000,max_evaluations,7.512305
atmals-gsk,cec2013,16,30,16,82241831,2.0182753224e+02,1.8275322418e+00,300000,max_evaluations,10.562598
atmals-gsk,cec2013,16,30,17,83241868,2.0081368832e+02,8.1368832491e-01,300000,max_evaluations,10.690890
atmals-gsk,cec2013,16,30,18,84241905,2.0144803078e+02,1.4480307781e+00,300000,max_evaluations,10.536180
atmals-gsk,cec2013,16,30,19,85241942,2.0114592103e+02,1.1459210306e+00,300000,max_evaluations,10.434993
atmals-gsk,cec2013,16,30,20,86241979,2.0169493039e+02,1.6949303895e+00,300000,max_evaluations,10.476693
atmals-gsk,cec2013,16,30,21,87242016,2.0114692639e+02,1.1469263938e+00,300000,max_evaluations,10.487755
atmals-gsk,cec2013,16,30,22,88242053,2.0100870306e+02,1.0087030554e+00,300000,max_evaluations,10.225085
atmals-gsk,cec2013,16,30,23,89242090,2.0168180920e+02,1.6818091969e+00,300000,max_evaluations,10.957809
atmals-gsk,cec2013,16,30,24,90242127,2.0073528554e+02,7.3528554139e-01,300000,max_evaluations,12.481773
atmals-gsk,cec2013,16,30,25,91242164,2.0191719879e+02,1.9171987886e+00,300000,max_evaluations,12.342970
atmals-gsk,cec2013,16,30,26,92242201,2.0114824605e+02,1.1482460501e+00,300000,max_evaluations,12.129669
atmals-gsk,cec2013,16,30,27,93242238,2.0197302831e+02,1.9730283078e+00,300000,max_evaluations,12.576712
atmals-gsk,cec2013,16,30,28,94242275,2.0078153463e+02,7.8153462627e-01,300000,max_evaluations,12.833270
atmals-gsk,cec2013,16,30,29,95242312,2.0119445276e+02,1.1944527614e+00,300000,max_evaluations,12.325580
atmals-gsk,cec2013,16,30,30,96242349,2.0130253097e+02,1.3025309674e+00,300000,max_evaluations,12.451893
atmals-gsk,cec2013,16,30,31,97242386,2.0158119373e+02,1.5811937298e+00,300000,max_evaluations,10.422867
atmals-gsk,cec2013,16,30,32,98242423,2.0129231377e+02,1.2923137713e+00,300000,max_evaluations,10.523985
atmals-gsk,cec2013,16,30,33,99242460,2.0110031095e+02,1.1003109454e+00,300000,max_evaluations,10.191504
atmals-gsk,cec2013,16,30,34,100242497,2.0128501551e+02,1.2850155056e+00,300000,max_evaluations,9.814595
atmals-gsk,cec2013,16,30,35,101242534,2.0110815830e+02,1.1081582980e+00,300000,max_evaluations,10.191017
atmals-gsk,cec2013,16,30,36,102242571,2.0141140327e+02,1.4114032681e+00,300000,max_evaluations,10.363371
atmals-gsk,cec2013,16,30,37,103242608,2.0073541428e+02,7.3541427537e-01,300000,max_evaluations,11.072909
atmals-gsk,cec2013,16,30,38,104242645,2.0092081036e+02,9.2081036089e-01,300000,max_evaluations,10.177280
atmals-gsk,cec2013,16,30,39,105242682,2.0183150971e+02,1.8315097092e+00,300000,max_evaluations,11.860042
atmals-gsk,cec2013,16,30,40,106242719,2.0146073431e+02,1.4607343075e+00,300000,max_evaluations,11.552480
atmals-gsk,cec2013,16,30,41,107242756,2.0117466798e+02,1.1746679817e+00,300000,max_evaluations,11.301014
atmals-gsk,cec2013,16,30,42,108242793,2.0088941943e+02,8.8941943148e-01,300000,max_evaluations,11.728532
atmals-gsk,cec2013,16,30,43,109242830,2.0156124700e+02,1.5612469979e+00,300000,max_evaluations,11.708806
atmals-gsk,cec2013,16,30,44,110242867,2.0155789174e+02,1.5578917432e+00,300000,max_evaluations,11.706384
atmals-gsk,cec2013,16,30,45,111242904,2.0141605930e+02,1.4160592960e+00,300000,max_evaluations,11.355786
atmals-gsk,cec2013,16,30,46,112242941,2.0143669432e+02,1.4366943234e+00,300000,max_evaluations,8.250997
atmals-gsk,cec2013,16,30,47,113242978,2.0230027068e+02,2.3002706824e+00,300000,max_evaluations,8.554327
atmals-gsk,cec2013,16,30,48,114243015,2.0099460023e+02,9.9460022836e-01,300000,max_evaluations,8.525344
atmals-gsk,cec2013,16,30,49,115243052,2.0146098130e+02,1.4609813030e+00,300000,max_evaluations,8.333867
atmals-gsk,cec2013,16,30,50,116243089,2.0127040581e+02,1.2704058073e+00,300000,max_evaluations,8.469047
atmals-gsk,cec2013,16,30,51,117243126,2.0123200210e+02,1.2320021003e+00,300000,max_evaluations,8.400827
atmals-gsk,cec2013,17,30,1,68241309,3.3468225916e+02,3.4682259155e+01,300000,max_evaluations,8.004034
atmals-gsk,cec2013,17,30,2,69241346,3.3277178673e+02,3.2771786733e+01,300000,max_evaluations,7.819841
atmals-gsk,cec2013,17,30,3,70241383,3.3272382451e+02,3.2723824513e+01,300000,max_evaluations,9.309877
atmals-gsk,cec2013,17,30,4,71241420,3.3350829926e+02,3.3508299262e+01,300000,max_evaluations,8.758600
atmals-gsk,cec2013,17,30,5,72241457,3.3384373562e+02,3.3843735620e+01,300000,max_evaluations,9.055193
atmals-gsk,cec2013,17,30,6,73241494,3.3358256534e+02,3.3582565336e+01,300000,max_evaluations,9.457337
atmals-gsk,cec2013,17,30,7,74241531,3.3294896455e+02,3.2948964547e+01,300000,max_evaluations,9.411703
atmals-gsk,cec2013,17,30,8,75241568,3.3385044157e+02,3.3850441571e+01,300000,max_evaluations,9.163769
atmals-gsk,cec2013,17,30,9,76241605,3.3298687834e+02,3.2986878340e+01,300000,max_evaluations,9.178437
atmals-gsk,cec2013,17,30,10,77241642,3.3243020866e+02,3.2430208663e+01,300000,max_evaluations,7.944353
atmals-gsk,cec2013,17,30,11,78241679,3.3303437510e+02,3.3034375096e+01,300000,max_evaluations,8.307380
atmals-gsk,cec2013,17,30,12,79241716,3.3403514205e+02,3.4035142053e+01,300000,max_evaluations,7.941735
atmals-gsk,cec2013,17,30,13,80241753,3.3248446901e+02,3.2484469015e+01,300000,max_evaluations,8.261949
atmals-gsk,cec2013,17,30,14,81241790,3.3295732891e+02,3.2957328915e+01,300000,max_evaluations,7.898875
atmals-gsk,cec2013,17,30,15,82241827,3.3317695135e+02,3.3176951354e+01,300000,max_evaluations,7.720569
atmals-gsk,cec2013,17,30,16,83241864,3.3484574615e+02,3.4845746152e+01,300000,max_evaluations,9.827028
atmals-gsk,cec2013,17,30,17,84241901,3.3271090038e+02,3.2710900384e+01,300000,max_evaluations,9.174445
atmals-gsk,cec2013,17,30,18,85241938,3.3275074306e+02,3.2750743065e+01,300000,max_evaluations,9.423565
atmals-gsk,cec2013,17,30,19,86241975,3.3267301760e+02,3.2673017596e+01,300000,max_evaluations,9.317350
atmals-gsk,cec2013,17,30,20,87242012,3.3268442537e+02,3.2684425367e+01,300000,max_evaluations,9.354213
atmals-gsk,cec2013,17,30,21,88242049,3.3361464688e+02,3.3614646878e+01,300000,max_evaluations,9.252500
atmals-gsk,cec2013,17,30,22,89242086,3.3337308707e+02,3.3373087067e+01,300000,max_evaluations,9.483712
atmals-gsk,cec2013,17,30,23,90242123,3.3283129326e+02,3.2831293260e+01,300000,max_evaluations,9.441959
atmals-gsk,cec2013,17,30,24,91242160,3.3220584385e+02,3.2205843849e+01,300000,max_evaluations,10.985996
atmals-gsk,cec2013,17,30,25,92242197,3.3389503291e+02,3.3895032907e+01,300000,max_evaluations,11.326684
atmals-gsk,cec2013,17,30,26,93242234,3.3248648520e+02,3.2486485200e+01,300000,max_evaluations,11.077285
atmals-gsk,cec2013,17,30,27,94242271,3.3410272232e+02,3.4102722319e+01,300000,max_evaluations,11.835891
atmals-gsk,cec2013,17,30,28,95242308,3.3479302599e+02,3.4793025993e+01,300000,max_evaluations,11.485355
atmals-gsk,cec2013,17,30,29,96242345,3.3245668412e+02,3.2456684121e+01,300000,max_evaluations,11.449903
atmals-gsk,cec2013,17,30,30,97242382,3.3246578348e+02,3.2465783479e+01,300000,max_evaluations,11.518824
atmals-gsk,cec2013,17,30,31,98242419,3.3250748766e+02,3.2507487665e+01,300000,max_evaluations,9.303584
atmals-gsk,cec2013,17,30,32,99242456,3.3253234199e+02,3.2532341992e+01,300000,max_evaluations,9.496698
atmals-gsk,cec2013,17,30,33,100242493,3.3369244273e+02,3.3692442726e+01,300000,max_evaluations,9.146564
atmals-gsk,cec2013,17,30,34,101242530,3.3310625856e+02,3.3106258562e+01,300000,max_evaluations,9.401131
atmals-gsk,cec2013,17,30,35,102242567,3.3217137766e+02,3.2171377661e+01,300000,max_evaluations,9.280899
atmals-gsk,cec2013,17,30,36,103242604,3.3214100830e+02,3.2141008297e+01,300000,max_evaluations,9.174968
atmals-gsk,cec2013,17,30,37,104242641,3.3362392977e+02,3.3623929768e+01,300000,max_evaluations,9.512819
atmals-gsk,cec2013,17,30,38,105242678,3.3230930161e+02,3.2309301610e+01,300000,max_evaluations,9.292247
atmals-gsk,cec2013,17,30,39,106242715,3.3225529092e+02,3.2255290925e+01,300000,max_evaluations,10.625152
atmals-gsk,cec2013,17,30,40,107242752,3.3341646921e+02,3.3416469213e+01,300000,max_evaluations,10.393586
atmals-gsk,cec2013,17,30,41,108242789,3.3309290219e+02,3.3092902194e+01,300000,max_evaluations,10.825937
atmals-gsk,cec2013,17,30,42,109242826,3.3396276040e+02,3.3962760397e+01,300000,max_evaluations,10.837157
atmals-gsk,cec2013,17,30,43,110242863,3.3216170239e+02,3.2161702386e+01,300000,max_evaluations,10.616469
atmals-gsk,cec2013,17,30,44,111242900,3.3239013531e+02,3.2390135310e+01,300000,max_evaluations,10.772237
atmals-gsk,cec2013,17,30,45,112242937,3.3211321442e+02,3.2113214421e+01,300000,max_evaluations,11.172472
atmals-gsk,cec2013,17,30,46,113242974,3.3276043275e+02,3.2760432745e+01,300000,max_evaluations,7.688694
atmals-gsk,cec2013,17,30,47,114243011,3.3204486814e+02,3.2044868144e+01,300000,max_evaluations,7.724998
atmals-gsk,cec2013,17,30,48,115243048,3.3347137844e+02,3.3471378437e+01,300000,max_evaluations,7.938869
atmals-gsk,cec2013,17,30,49,116243085,3.3319583326e+02,3.3195833260e+01,300000,max_evaluations,7.668762
atmals-gsk,cec2013,17,30,50,117243122,3.3347810341e+02,3.3478103406e+01,300000,max_evaluations,7.711946
atmals-gsk,cec2013,17,30,51,118243159,3.3291553973e+02,3.2915539732e+01,300000,max_evaluations,7.562508
atmals-gsk,cec2013,18,30,1,69241342,4.9945892867e+02,9.9458928673e+01,300000,max_evaluations,7.136303
atmals-gsk,cec2013,18,30,2,70241379,5.0689107573e+02,1.0689107573e+02,300000,max_evaluations,7.461883
atmals-gsk,cec2013,18,30,3,71241416,4.9139026182e+02,9.1390261820e+01,300000,max_evaluations,8.404052
atmals-gsk,cec2013,18,30,4,72241453,4.8937762158e+02,8.9377621581e+01,300000,max_evaluations,8.438594
atmals-gsk,cec2013,18,30,5,73241490,4.9623296081e+02,9.6232960812e+01,300000,max_evaluations,7.531622
atmals-gsk,cec2013,18,30,6,74241527,5.2355700112e+02,1.2355700112e+02,300000,max_evaluations,7.818251
atmals-gsk,cec2013,18,30,7,75241564,4.9027185035e+02,9.0271850349e+01,300000,max_evaluations,8.325039
atmals-gsk,cec2013,18,30,8,76241601,4.9775293336e+02,9.7752933359e+01,300000,max_evaluations,8.297341
atmals-gsk,cec2013,18,30,9,77241638,5.1972425103e+02,1.1972425103e+02,300000,max_evaluations,8.061225
atmals-gsk,cec2013,18,30,10,78241675,4.9612322032e+02,9.6123220322e+01,300000,max_evaluations,6.939347
atmals-gsk,cec2013,18,30,11,79241712,5.0956515052e+02,1.0956515052e+02,300000,max_evaluations,7.134669
atmals-gsk,cec2013,18,30,12,80241749,5.3255501417e+02,1.3255501417e+02,300000,max_evaluations,7.169018
atmals-gsk,cec2013,18,30,13,81241786,4.8857955824e+02,8.8579558235e+01,300000,max_evaluations,7.144968
atmals-gsk,cec2013,18,30,14,82241823,5.0044303207e+02,1.0044303207e+02,300000,max_evaluations,7.124118
atmals-gsk,cec2013,18,30,15,83241860,4.9963486065e+02,9.9634860650e+01,300000,max_evaluations,7.215149
atmals-gsk,cec2013,18,30,16,84241897,4.8526363529e+02,8.5263635292e+01,300000,max_evaluations,10.645141
atmals-gsk,cec2013,18,30,17,85241934,4.8912703619e+02,8.9127036190e+01,300000,max_evaluations,10.656174
atmals-gsk,cec2013,18,30,18,86241971,4.8001983922e+02,8.0019839224e+01,300000,max_evaluations,11.027022
atmals-gsk,cec2013,18,30,19,87242008,5.1311077326e+02,1.1311077326e+02,300000,max_evaluations,10.897823
atmals-gsk,cec2013,18,30,20,88242045,4.7688601092e+02,7.6886010916e+01,300000,max_evaluations,10.704250
atmals-gsk,cec2013,18,30,21,89242082,4.8799525714e+02,8.7995257135e+01,300000,max_evaluations,10.808146
atmals-gsk,cec2013,18,30,22,90242119,4.9860450899e+02,9.8604508992e+01,300000,max_evaluations,10.749475
atmals-gsk,cec2013,18,30,23,91242156,5.1349778683e+02,1.1349778683e+02,300000,max_evaluations,11.454028
atmals-gsk,cec2013,18,30,24,92242193,5.2597553307e+02,1.2597553307e+02,300000,max_evaluations,13.369344
atmals-gsk,cec2013,18,30,25,93242230,5.0777202330e+02,1.0777202330e+02,300000,max_evaluations,13.200297
atmals-gsk,cec2013,18,30,26,94242267,5.0574022319e+02,1.0574022319e+02,300000,max_evaluations,13.518254
atmals-gsk,cec2013,18,30,27,95242304,4.8693389957e+02,8.6933899570e+01,300000,max_evaluations,13.550370
atmals-gsk,cec2013,18,30,28,96242341,5.2116729094e+02,1.2116729094e+02,300000,max_evaluations,12.691171
atmals-gsk,cec2013,18,30,29,97242378,5.0596831665e+02,1.0596831665e+02,300000,max_evaluations,13.145895
atmals-gsk,cec2013,18,30,30,98242415,5.0019676639e+02,1.0019676639e+02,300000,max_evaluations,12.709722
atmals-gsk,cec2013,18,30,31,99242452,4.9557628455e+02,9.5576284550e+01,300000,max_evaluations,10.504333
atmals-gsk,cec2013,18,30,32,100242489,4.9487213234e+02,9.4872132343e+01,300000,max_evaluations,10.398852
atmals-gsk,cec2013,18,30,33,101242526,5.0011572472e+02,1.0011572472e+02,300000,max_evaluations,10.109226
atmals-gsk,cec2013,18,30,34,102242563,4.9926035869e+02,9.9260358689e+01,300000,max_evaluations,10.321404
atmals-gsk,cec2013,18,30,35,103242600,4.7454195648e+02,7.4541956481e+01,300000,max_evaluations,10.264909
atmals-gsk,cec2013,18,30,36,104242637,4.9539863986e+02,9.5398639861e+01,300000,max_evaluations,10.587355
atmals-gsk,cec2013,18,30,37,105242674,4.9177907951e+02,9.1779079514e+01,300000,max_evaluations,10.498779
atmals-gsk,cec2013,18,30,38,106242711,4.9528791498e+02,9.5287914984e+01,300000,max_evaluations,10.033484
atmals-gsk,cec2013,18,30,39,107242748,5.0648198089e+02,1.0648198089e+02,300000,max_evaluations,11.065528
atmals-gsk,cec2013,18,30,40,108242785,5.2097984098e+02,1.2097984098e+02,300000,max_evaluations,11.559513
atmals-gsk,cec2013,18,30,41,109242822,5.2089130090e+02,1.2089130090e+02,300000,max_evaluations,11.609396
atmals-gsk,cec2013,18,30,42,110242859,5.2502317075e+02,1.2502317075e+02,300000,max_evaluations,11.345657
atmals-gsk,cec2013,18,30,43,111242896,5.2696620388e+02,1.2696620388e+02,300000,max_evaluations,11.514594
atmals-gsk,cec2013,18,30,44,112242933,5.0190194496e+02,1.0190194496e+02,300000,max_evaluations,11.716544
atmals-gsk,cec2013,18,30,45,113242970,5.0752010932e+02,1.0752010932e+02,300000,max_evaluations,11.032987
atmals-gsk,cec2013,18,30,46,114243007,5.1618437067e+02,1.1618437067e+02,300000,max_evaluations,8.821925
atmals-gsk,cec2013,18,30,47,115243044,4.6874743089e+02,6.8747430893e+01,300000,max_evaluations,8.466121
atmals-gsk,cec2013,18,30,48,116243081,5.0920053523e+02,1.0920053523e+02,300000,max_evaluations,8.520309
atmals-gsk,cec2013,18,30,49,117243118,4.8682783202e+02,8.6827832017e+01,300000,max_evaluations,8.308215
atmals-gsk,cec2013,18,30,50,118243155,5.0326929638e+02,1.0326929638e+02,300000,max_evaluations,8.319452
atmals-gsk,cec2013,18,30,51,119243192,5.0103682024e+02,1.0103682024e+02,300000,max_evaluations,8.282131
atmals-gsk,cec2013,19,30,1,70241375,5.0146850747e+02,1.4685074721e+00,300000,max_evaluations,7.235864
atmals-gsk,cec2013,19,30,2,71241412,5.0133991333e+02,1.3399133335e+00,300000,max_evaluations,6.915454
atmals-gsk,cec2013,19,30,3,72241449,5.0154862592e+02,1.5486259238e+00,300000,max_evaluations,7.868440
atmals-gsk,cec2013,19,30,4,73241486,5.0178627861e+02,1.7862786072e+00,300000,max_evaluations,7.458387
atmals-gsk,cec2013,19,30,5,74241523,5.0195656165e+02,1.9565616537e+00,300000,max_evaluations,7.324137
atmals-gsk,cec2013,19,30,6,75241560,5.0213916542e+02,2.1391654243e+00,300000,max_evaluations,7.704550
atmals-gsk,cec2013,19,30,7,76241597,5.0064497461e+02,6.4497460992e-01,300000,max_evaluations,7.637128
atmals-gsk,cec2013,19,30,8,77241634,5.0126397199e+02,1.2639719939e+00,300000,max_evaluations,7.715101
atmals-gsk,cec2013,19,30,9,78241671,5.0148734464e+02,1.4873446376e+00,300000,max_evaluations,7.733169
atmals-gsk,cec2013,19,30,10,79241708,5.0182823081e+02,1.8282308138e+00,300000,max_evaluations,6.972025
atmals-gsk,cec2013,19,30,11,80241745,5.0198352771e+02,1.9835277088e+00,300000,max_evaluations,6.955071
atmals-gsk,cec2013,19,30,12,81241782,5.0170660944e+02,1.7066094402e+00,300000,max_evaluations,7.002511
atmals-gsk,cec2013,19,30,13,82241819,5.0197249595e+02,1.9724959471e+00,300000,max_evaluations,6.956489
atmals-gsk,cec2013,19,30,14,83241856,5.0216809709e+02,2.1680970892e+00,300000,max_evaluations,7.078492
atmals-gsk,cec2013,19,30,15,84241893,5.0177038873e+02,1.7703887276e+00,300000,max_evaluations,6.913022
atmals-gsk,cec2013,19,30,16,85241930,5.0135329529e+02,1.3532952909e+00,300000,max_evaluations,9.973166
atmals-gsk,cec2013,19,30,17,86241967,5.0125766230e+02,1.2576622973e+00,300000,max_evaluations,9.520288
atmals-gsk,cec2013,19,30,18,87242004,5.0150736077e+02,1.5073607749e+00,300000,max_evaluations,10.061682
atmals-gsk,cec2013,19,30,19,88242041,5.0145917998e+02,1.4591799833e+00,300000,max_evaluations,9.836545
atmals-gsk,cec2013,19,30,20,89242078,5.0146983123e+02,1.4698312339e+00,300000,max_evaluations,9.713751
atmals-gsk,cec2013,19,30,21,90242115,5.0119942681e+02,1.1994268054e+00,300000,max_evaluations,9.675342
atmals-gsk,cec2013,19,30,22,91242152,5.0170472000e+02,1.7047199970e+00,300000,max_evaluations,9.833244
atmals-gsk,cec2013,19,30,23,92242189,5.0260561792e+02,2.6056179246e+00,300000,max_evaluations,10.164021
atmals-gsk,cec2013,19,30,24,93242226,5.0159787603e+02,1.5978760292e+00,300000,max_evaluations,11.830672
atmals-gsk,cec2013,19,30,25,94242263,5.0202891637e+02,2.0289163692e+00,300000,max_evaluations,11.433715
atmals-gsk,cec2013,19,30,26,95242300,5.0139388976e+02,1.3938897564e+00,300000,max_evaluations,11.170626
atmals-gsk,cec2013,19,30,27,96242337,5.0191085902e+02,1.9108590194e+00,300000,max_evaluations,11.286077
atmals-gsk,cec2013,19,30,28,97242374,5.0162599528e+02,1.6259952822e+00,300000,max_evaluations,11.573358
atmals-gsk,cec2013,19,30,29,98242411,5.0186446548e+02,1.8644654786e+00,300000,max_evaluations,11.676601
atmals-gsk,cec2013,19,30,30,99242448,5.0181973641e+02,1.8197364112e+00,300000,max_evaluations,11.044793
atmals-gsk,cec2013,19,30,31,100242485,5.0141759638e+02,1.4175963768e+00,300000,max_evaluations,10.145152
atmals-gsk,cec2013,19,30,32,101242522,5.0162828954e+02,1.6282895449e+00,300000,max_evaluations,9.995195
atmals-gsk,cec2013,19,30,33,102242559,5.0129079235e+02,1.2907923460e+00,300000,max_evaluations,9.829863
atmals-gsk,cec2013,19,30,34,103242596,5.0137559919e+02,1.3755991922e+00,300000,max_evaluations,9.821386
atmals-gsk,cec2013,19,30,35,104242633,5.0267155876e+02,2.6715587648e+00,300000,max_evaluations,9.478266
atmals-gsk,cec2013,19,30,36,105242670,5.0202426777e+02,2.0242677708e+00,300000,max_evaluations,9.424579
atmals-gsk,cec2013,19,30,37,106242707,5.0129562660e+02,1.2956266017e+00,300000,max_evaluations,9.739659
atmals-gsk,cec2013,19,30,38,107242744,5.0228044451e+02,2.2804445099e+00,300000,max_evaluations,9.846581
atmals-gsk,cec2013,19,30,39,108242781,5.0161118333e+02,1.6111833263e+00,300000,max_evaluations,10.536754
atmals-gsk,cec2013,19,30,40,109242818,5.0202579170e+02,2.0257917023e+00,300000,max_evaluations,10.685451
atmals-gsk,cec2013,19,30,41,110242855,5.0208108941e+02,2.0810894142e+00,300000,max_evaluations,10.804594
atmals-gsk,cec2013,19,30,42,111242892,5.0145720285e+02,1.4572028541e+00,300000,max_evaluations,10.695008
atmals-gsk,cec2013,19,30,43,112242929,5.0125073315e+02,1.2507331530e+00,300000,max_evaluations,10.642622
atmals-gsk,cec2013,19,30,44,113242966,5.0136387583e+02,1.3638758278e+00,300000,max_evaluations,10.560723
atmals-gsk,cec2013,19,30,45,114243003,5.0204918904e+02,2.0491890375e+00,300000,max_evaluations,10.749772
atmals-gsk,cec2013,19,30,46,115243040,5.0158685517e+02,1.5868551696e+00,300000,max_evaluations,6.965431
atmals-gsk,cec2013,19,30,47,116243077,5.0214646984e+02,2.1464698431e+00,300000,max_evaluations,7.063688
atmals-gsk,cec2013,19,30,48,117243114,5.0134932076e+02,1.3493207551e+00,300000,max_evaluations,6.820472
atmals-gsk,cec2013,19,30,49,118243151,5.0185482208e+02,1.8548220760e+00,300000,max_evaluations,6.860132
atmals-gsk,cec2013,19,30,50,119243188,5.0132100964e+02,1.3210096382e+00,300000,max_evaluations,6.767827
atmals-gsk,cec2013,19,30,51,120243225,5.0249959409e+02,2.4995940935e+00,300000,max_evaluations,6.907200
atmals-gsk,cec2013,20,30,1,71241408,6.1201608041e+02,1.2016080407e+01,300000,max_evaluations,7.884831
atmals-gsk,cec2013,20,30,2,72241445,6.1036013031e+02,1.0360130309e+01,300000,max_evaluations,8.165420
atmals-gsk,cec2013,20,30,3,73241482,6.1111188717e+02,1.1111887166e+01,300000,max_evaluations,9.738295
atmals-gsk,cec2013,20,30,4,74241519,6.1072540311e+02,1.0725403107e+01,300000,max_evaluations,9.013622
atmals-gsk,cec2013,20,30,5,75241556,6.1086802110e+02,1.0868021097e+01,300000,max_evaluations,9.660764
atmals-gsk,cec2013,20,30,6,76241593,6.1034586042e+02,1.0345860418e+01,300000,max_evaluations,9.061631
atmals-gsk,cec2013,20,30,7,77241630,6.1225908823e+02,1.2259088227e+01,300000,max_evaluations,8.792250
atmals-gsk,cec2013,20,30,8,78241667,6.1187486407e+02,1.1874864075e+01,300000,max_evaluations,10.110162
atmals-gsk,cec2013,20,30,9,79241704,6.0974396553e+02,9.7439655310e+00,300000,max_evaluations,9.547447
atmals-gsk,cec2013,20,30,10,80241741,6.1175780656e+02,1.1757806557e+01,300000,max_evaluations,7.843365
atmals-gsk,cec2013,20,30,11,81241778,6.1168056836e+02,1.1680568362e+01,300000,max_evaluations,7.859539
atmals-gsk,cec2013,20,30,12,82241815,6.1088016611e+02,1.0880166109e+01,300000,max_evaluations,7.989290
atmals-gsk,cec2013,20,30,13,83241852,6.1185065774e+02,1.1850657745e+01,300000,max_evaluations,8.275244
atmals-gsk,cec2013,20,30,14,84241889,6.1126758089e+02,1.1267580888e+01,300000,max_evaluations,8.087816
atmals-gsk,cec2013,20,30,15,85241926,6.1181457122e+02,1.1814571223e+01,300000,max_evaluations,7.837974
atmals-gsk,cec2013,20,30,16,86241963,6.1030034123e+02,1.0300341234e+01,300000,max_evaluations,9.521662
atmals-gsk,cec2013,20,30,17,87242000,6.1119401704e+02,1.1194017041e+01,300000,max_evaluations,9.435180
atmals-gsk,cec2013,20,30,18,88242037,6.1091558495e+02,1.0915584948e+01,300000,max_evaluations,9.461467
atmals-gsk,cec2013,20,30,19,89242074,6.1040943087e+02,1.0409430868e+01,300000,max_evaluations,9.651014
atmals-gsk,cec2013,20,30,20,90242111,6.1181743182e+02,1.1817431820e+01,300000,max_evaluations,9.787415
atmals-gsk,cec2013,20,30,21,91242148,6.1160417496e+02,1.1604174957e+01,300000,max_evaluations,9.606525
atmals-gsk,cec2013,20,30,22,92242185,6.1078945856e+02,1.0789458560e+01,300000,max_evaluations,9.708662
atmals-gsk,cec2013,20,30,23,93242222,6.1108293833e+02,1.1082938333e+01,300000,max_evaluations,9.578485
atmals-gsk,cec2013,20,30,24,94242259,6.1119334537e+02,1.1193345367e+01,300000,max_evaluations,11.473829
atmals-gsk,cec2013,20,30,25,95242296,6.1084543483e+02,1.0845434827e+01,300000,max_evaluations,11.822951
atmals-gsk,cec2013,20,30,26,96242333,6.1155009470e+02,1.1550094699e+01,300000,max_evaluations,11.455671
atmals-gsk,cec2013,20,30,27,97242370,6.1224379355e+02,1.2243793548e+01,300000,max_evaluations,11.988729
atmals-gsk,cec2013,20,30,28,98242407,6.1197042424e+02,1.1970424243e+01,300000,max_evaluations,11.622570
atmals-gsk,cec2013,20,30,29,99242444,6.1175988325e+02,1.1759883253e+01,300000,max_evaluations,11.766226
atmals-gsk,cec2013,20,30,30,100242481,6.1167063897e+02,1.1670638972e+01,300000,max_evaluations,11.580004
atmals-gsk,cec2013,20,30,31,101242518,6.1133143127e+02,1.1331431269e+01,300000,max_evaluations,9.742084
atmals-gsk,cec2013,20,30,32,102242555,6.1058957475e+02,1.0589574748e+01,300000,max_evaluations,9.380282
atmals-gsk,cec2013,20,30,33,103242592,6.1025984080e+02,1.0259840797e+01,300000,max_evaluations,9.460302
atmals-gsk,cec2013,20,30,34,104242629,6.1126805992e+02,1.1268059916e+01,300000,max_evaluations,9.441735
atmals-gsk,cec2013,20,30,35,105242666,6.1122230838e+02,1.1222308384e+01,300000,max_evaluations,9.510554
atmals-gsk,cec2013,20,30,36,106242703,6.1197831440e+02,1.1978314397e+01,300000,max_evaluations,9.571707
atmals-gsk,cec2013,20,30,37,107242740,6.1074844463e+02,1.0748444631e+01,300000,max_evaluations,9.512476
atmals-gsk,cec2013,20,30,38,108242777,6.1148636536e+02,1.1486365362e+01,300000,max_evaluations,9.861573
atmals-gsk,cec2013,20,30,39,109242814,6.1044878657e+02,1.0448786572e+01,300000,max_evaluations,10.614144
atmals-gsk,cec2013,20,30,40,110242851,6.1242431180e+02,1.2424311798e+01,300000,max_evaluations,11.277090
atmals-gsk,cec2013,20,30,41,111242888,6.1205005239e+02,1.2050052386e+01,300000,max_evaluations,10.922795
atmals-gsk,cec2013,20,30,42,112242925,6.1175520025e+02,1.1755200254e+01,300000,max_evaluations,10.654237
atmals-gsk,cec2013,20,30,43,113242962,6.1061321444e+02,1.0613214441e+01,300000,max_evaluations,10.511885
atmals-gsk,cec2013,20,30,44,114242999,6.1160103443e+02,1.1601034428e+01,300000,max_evaluations,10.866508
atmals-gsk,cec2013,20,30,45,115243036,6.1061364666e+02,1.0613646660e+01,300000,max_evaluations,10.207422
atmals-gsk,cec2013,20,30,46,116243073,6.1133336442e+02,1.1333364418e+01,300000,max_evaluations,7.994524
atmals-gsk,cec2013,20,30,47,117243110,6.1106682772e+02,1.1066827717e+01,300000,max_evaluations,7.693847
atmals-gsk,cec2013,20,30,48,118243147,6.1193243753e+02,1.1932437528e+01,300000,max_evaluations,7.624168
atmals-gsk,cec2013,20,30,49,119243184,6.1088601843e+02,1.0886018433e+01,300000,max_evaluations,8.021447
atmals-gsk,cec2013,20,30,50,120243221,6.1092522361e+02,1.0925223614e+01,300000,max_evaluations,7.688629
atmals-gsk,cec2013,20,30,51,121243258,6.1198307177e+02,1.1983071775e+01,300000,max_evaluations,7.651200
atmals-gsk,cec2013,21,30,1,72241441,1.0000000000e+03,3.0000000000e+02,300000,max_evaluations,10.086336
atmals-gsk,cec2013,21,30,2,73241478,1.0000000000e+03,3.0000000000e+02,300000,max_evaluations,9.516128
atmals-gsk,cec2013,21,30,3,74241515,1.0000000000e+03,3.0000000000e+02,300000,max_evaluations,10.460416
atmals-gsk,cec2013,21,30,4,75241552,1.0000000000e+03,3.0000000000e+02,300000,max_evaluations,10.730740
atmals-gsk,cec2013,21,30,5,76241589,1.0000000000e+03,3.0000000000e+02,300000,max_evaluations,10.937726
atmals-gsk,cec2013,21,30,6,77241626,1.0000000000e+03,3.0000000000e+02,300000,max_evaluations,11.276757
atmals-gsk,cec2013,21,30,7,78241663,1.0000000000e+03,3.0000000000e+02,300000,max_evaluations,10.538590
atmals-gsk,cec2013,21,30,8,79241700,1.0000000000e+03,3.0000000000e+02,300000,max_evaluations,11.147401
atmals-gsk,cec2013,21,30,9,80241737,1.0000000000e+03,3.0000000000e+02,300000,max_evaluations,10.618462
atmals-gsk,cec2013,21,30,10,81241774,1.1435441417e+03,4.4354414166e+02,300000,max_evaluations,9.795236
atmals-gsk,cec2013,21,30,11,82241811,1.0000000000e+03,3.0000000000e+02,300000,max_evaluations,9.606846
atmals-gsk,cec2013,21,30,12,83241848,1.0000000000e+03,3.0000000000e+02,300000,max_evaluations,9.509832
atmals-gsk,cec2013,21,30,13,84241885,1.0000000000e+03,3.0000000000e+02,300000,max_evaluations,9.578407
atmals-gsk,cec2013,21,30,14,85241922,1.0000000000e+03,3.0000000000e+02,300000,max_evaluations,9.354692
atmals-gsk,cec2013,21,30,15,86241959,1.0000000000e+03,3.0000000000e+02,300000,max_evaluations,9.516650
atmals-gsk,cec2013,21,30,16,87241996,1.0000000000e+03,3.0000000000e+02,300000,max_evaluations,11.245559
atmals-gsk,cec2013,21,30,17,88242033,1.0000000000e+03,3.0000000000e+02,300000,max_evaluations,11.355416
atmals-gsk,cec2013,21,30,18,89242070,1.0000000000e+03,3.0000000000e+02,300000,max_evaluations,11.447775
atmals-gsk,cec2013,21,30,19,90242107,1.0000000000e+03,3.0000000000e+02,300000,max_evaluations,11.345077
atmals-gsk,cec2013,21,30,20,91242144,1.0000000000e+03,3.0000000000e+02,300000,max_evaluations,11.122761
atmals-gsk,cec2013,21,30,21,92242181,9.0000000000e+02,2.0000000000e+02,300000,max_evaluations,11.620674
atmals-gsk,cec2013,21,30,22,93242218,1.0000000000e+03,3.0000000000e+02,300000,max_evaluations,11.363469
atmals-gsk,cec2013,21,30,23,94242255,1.1435441417e+03,4.4354414166e+02,300000,max_evaluations,11.237980
atmals-gsk,cec2013,21,30,24,95242292,1.1435441417e+03,4.4354414166e+02,300000,max_evaluations,12.768359
atmals-gsk,cec2013,21,30,25,96242329,1.1435441417e+03,4.4354414166e+02,300000,max_evaluations,12.452384
atmals-gsk,cec2013,21,30,26,97242366,1.1435441417e+03,4.4354414166e+02,300000,max_evaluations,12.827919
atmals-gsk,cec2013,21,30,27,98242403,1.1435441417e+03,4.4354414166e+02,300000,max_evaluations,12.508191
atmals-gsk,cec2013,21,30,28,99242440,1.0000000000e+03,3.0000000000e+02,300000,max_evaluations,12.351129
atmals-gsk,cec2013,21,30,29,100242477,9.0000000000e+02,2.0000000000e+02,300000,max_evaluations,13.075776
atmals-gsk,cec2013,21,30,30,101242514,1.0000000000e+03,3.0000000000e+02,300000,max_evaluations,12.802015
atmals-gsk,cec2013,21,30,31,102242551,1.1435441417e+03,4.4354414166e+02,300000,max_evaluations,10.947386
atmals-gsk,cec2013,21,30,32,103242588,1.0000000000e+03,3.0000000000e+02,300000,max_evaluations,11.652119
atmals-gsk,cec2013,21,30,33,104242625,1.1435441417e+03,4.4354414166e+02,300000,max_evaluations,11.361941
atmals-gsk,cec2013,21,30,34,105242662,1.0000000000e+03,3.0000000000e+02,300000,max_evaluations,11.173310
atmals-gsk,cec2013,21,30,35,106242699,1.0000000000e+03,3.0000000000e+02,300000,max_evaluations,11.623955
atmals-gsk,cec2013,21,30,36,107242736,9.0000000000e+02,2.0000000000e+02,300000,max_evaluations,11.322940
atmals-gsk,cec2013,21,30,37,108242773,1.1435441417e+03,4.4354414166e+02,300000,max_evaluations,10.612249
atmals-gsk,cec2013,21,30,38,109242810,1.0000000000e+03,3.0000000000e+02,300000,max_evaluations,10.980381
atmals-gsk,cec2013,21,30,39,110242847,1.0000000000e+03,3.0000000000e+02,300000,max_evaluations,12.284051
atmals-gsk,cec2013,21,30,40,111242884,1.0000000000e+03,3.0000000000e+02,300000,max_evaluations,12.406026
atmals-gsk,cec2013,21,30,41,112242921,1.0000000000e+03,3.0000000000e+02,300000,max_evaluations,12.118520
atmals-gsk,cec2013,21,30,42,113242958,1.0000000000e+03,3.0000000000e+02,300000,max_evaluations,12.334795
atmals-gsk,cec2013,21,30,43,114242995,1.0000000000e+03,3.0000000000e+02,300000,max_evaluations,12.364260
atmals-gsk,cec2013,21,30,44,115243032,1.0000000000e+03,3.0000000000e+02,300000,max_evaluations,12.102793
atmals-gsk,cec2013,21,30,45,116243069,1.0000000000e+03,3.0000000000e+02,300000,max_evaluations,11.699376
atmals-gsk,cec2013,21,30,46,117243106,1.0000000000e+03,3.0000000000e+02,300000,max_evaluations,8.603788
atmals-gsk,cec2013,21,30,47,118243143,1.0000000000e+03,3.0000000000e+02,300000,max_evaluations,8.876449
atmals-gsk,cec2013,21,30,48,119243180,1.0000000000e+03,3.0000000000e+02,300000,max_evaluations,8.990156
atmals-gsk,cec2013,21,30,49,120243217,1.0000000000e+03,3.0000000000e+02,300000,max_evaluations,8.486400
atmals-gsk,cec2013,21,30,50,121243254,1.1435441417e+03,4.4354414166e+02,300000,max_evaluations,8.604319
atmals-gsk,cec2013,21,30,51,122243291,1.0000000000e+03,3.0000000000e+02,300000,max_evaluations,8.611361
atmals-gsk,cec2013,22,30,1,73241474,2.0611173035e+03,1.2611173035e+03,300000,max_evaluations,10.129875
atmals-gsk,cec2013,22,30,2,74241511,2.4088716025e+03,1.6088716025e+03,300000,max_evaluations,10.127904
atmals-gsk,cec2013,22,30,3,75241548,1.7752238593e+03,9.7522385928e+02,300000,max_evaluations,11.204779
atmals-gsk,cec2013,22,30,4,76241585,1.8710995053e+03,1.0710995053e+03,300000,max_evaluations,11.443371
atmals-gsk,cec2013,22,30,5,77241622,2.2817497731e+03,1.4817497731e+03,300000,max_evaluations,11.475722
atmals-gsk,cec2013,22,30,6,78241659,1.9916215086e+03,1.1916215086e+03,300000,max_evaluations,11.501975
atmals-gsk,cec2013,22,30,7,79241696,1.6960379104e+03,8.9603791041e+02,300000,max_evaluations,11.164489
atmals-gsk,cec2013,22,30,8,80241733,1.9166895934e+03,1.1166895934e+03,300000,max_evaluations,11.823332
atmals-gsk,cec2013,22,30,9,81241770,1.1735121446e+03,3.7351214459e+02,300000,max_evaluations,11.304009
atmals-gsk,cec2013,22,30,10,82241807,1.8815950254e+03,1.0815950254e+03,300000,max_evaluations,10.261286
atmals-gsk,cec2013,22,30,11,83241844,1.9474927359e+03,1.1474927359e+03,300000,max_evaluations,10.216372
atmals-gsk,cec2013,22,30,12,84241881,1.9473316471e+03,1.1473316471e+03,300000,max_evaluations,10.743387
atmals-gsk,cec2013,22,30,13,85241918,2.2100693917e+03,1.4100693917e+03,300000,max_evaluations,10.413501
atmals-gsk,cec2013,22,30,14,86241955,1.8590031807e+03,1.0590031807e+03,300000,max_evaluations,10.465295
atmals-gsk,cec2013,22,30,15,87241992,2.0106148337e+03,1.2106148337e+03,300000,max_evaluations,9.951457
atmals-gsk,cec2013,22,30,16,88242029,1.7905126624e+03,9.9051266243e+02,300000,max_evaluations,11.118047
atmals-gsk,cec2013,22,30,17,89242066,1.8966872905e+03,1.0966872905e+03,300000,max_evaluations,11.478415
atmals-gsk,cec2013,22,30,18,90242103,1.8784820258e+03,1.0784820258e+03,300000,max_evaluations,11.419359
atmals-gsk,cec2013,22,30,19,91242140,1.5390893278e+03,7.3908932780e+02,300000,max_evaluations,11.544974
atmals-gsk,cec2013,22,30,20,92242177,2.0651887982e+03,1.2651887982e+03,300000,max_evaluations,11.427120
atmals-gsk,cec2013,22,30,21,93242214,1.7285982296e+03,9.2859822955e+02,300000,max_evaluations,11.926269
atmals-gsk,cec2013,22,30,22,94242251,1.7357230216e+03,9.3572302157e+02,300000,max_evaluations,11.609411
atmals-gsk,cec2013,22,30,23,95242288,1.5832505271e+03,7.8325052712e+02,300000,max_evaluations,12.035692
atmals-gsk,cec2013,22,30,24,96242325,2.3139921896e+03,1.5139921896e+03,300000,max_evaluations,12.720809
atmals-gsk,cec2013,22,30,25,97242362,1.6239562680e+03,8.2395626798e+02,300000,max_evaluations,12.948063
atmals-gsk,cec2013,22,30,26,98242399,1.0897862683e+03,2.8978626834e+02,300000,max_evaluations,13.207230
atmals-gsk,cec2013,22,30,27,99242436,1.9351435958e+03,1.1351435958e+03,300000,max_evaluations,13.205523
atmals-gsk,cec2013,22,30,28,100242473,2.1047408658e+03,1.3047408658e+03,300000,max_evaluations,12.924292
atmals-gsk,cec2013,22,30,29,101242510,1.5713091970e+03,7.7130919699e+02,300000,max_evaluations,13.427729
atmals-gsk,cec2013,22,30,30,102242547,1.7339537339e+03,9.3395373388e+02,300000,max_evaluations,12.708920
atmals-gsk,cec2013,22,30,31,103242584,1.8823895738e+03,1.0823895738e+03,300000,max_evaluations,11.864616
atmals-gsk,cec2013,22,30,32,104242621,1.5957034281e+03,7.9570342813e+02,300000,max_evaluations,11.817144
atmals-gsk,cec2013,22,30,33,105242658,1.8315099939e+03,1.0315099939e+03,300000,max_evaluations,10.776316
atmals-gsk,cec2013,22,30,34,106242695,2.4099218028e+03,1.6099218028e+03,300000,max_evaluations,12.270378
atmals-gsk,cec2013,22,30,35,107242732,1.4124608110e+03,6.1246081101e+02,300000,max_evaluations,11.560754
atmals-gsk,cec2013,22,30,36,108242769,1.9667630996e+03,1.1667630996e+03,300000,max_evaluations,11.458226
atmals-gsk,cec2013,22,30,37,109242806,1.9736355608e+03,1.1736355608e+03,300000,max_evaluations,11.524821
atmals-gsk,cec2013,22,30,38,110242843,1.3796802451e+03,5.7968024514e+02,300000,max_evaluations,10.946448
atmals-gsk,cec2013,22,30,39,111242880,1.6273028792e+03,8.2730287919e+02,300000,max_evaluations,12.478057
atmals-gsk,cec2013,22,30,40,112242917,1.6435706280e+03,8.4357062801e+02,300000,max_evaluations,12.724624
atmals-gsk,cec2013,22,30,41,113242954,1.9707065248e+03,1.1707065248e+03,300000,max_evaluations,12.614086
atmals-gsk,cec2013,22,30,42,114242991,1.6307960427e+03,8.3079604266e+02,300000,max_evaluations,12.540954
atmals-gsk,cec2013,22,30,43,115243028,1.9585132963e+03,1.1585132963e+03,300000,max_evaluations,12.533990
atmals-gsk,cec2013,22,30,44,116243065,1.6431646572e+03,8.4316465720e+02,300000,max_evaluations,12.492494
atmals-gsk,cec2013,22,30,45,117243102,1.9773210115e+03,1.1773210115e+03,300000,max_evaluations,12.252025
atmals-gsk,cec2013,22,30,46,118243139,1.7301194733e+03,9.3011947328e+02,300000,max_evaluations,9.547186
atmals-gsk,cec2013,22,30,47,119243176,2.0430968034e+03,1.2430968034e+03,300000,max_evaluations,9.086759
atmals-gsk,cec2013,22,30,48,120243213,1.9825892167e+03,1.1825892167e+03,300000,max_evaluations,8.643250
atmals-gsk,cec2013,22,30,49,121243250,1.4981592681e+03,6.9815926812e+02,300000,max_evaluations,9.153131
atmals-gsk,cec2013,22,30,50,122243287,1.6036204842e+03,8.0362048421e+02,300000,max_evaluations,8.782143
atmals-gsk,cec2013,22,30,51,123243324,1.9115757860e+03,1.1115757860e+03,300000,max_evaluations,8.904106
atmals-gsk,cec2013,23,30,1,74241507,6.1058165652e+03,5.2058165652e+03,300000,max_evaluations,8.377672
atmals-gsk,cec2013,23,30,2,75241544,4.9749871556e+03,4.0749871556e+03,300000,max_evaluations,8.575484
atmals-gsk,cec2013,23,30,3,76241581,4.8503352209e+03,3.9503352209e+03,300000,max_evaluations,9.342786
atmals-gsk,cec2013,23,30,4,77241618,5.2155444269e+03,4.3155444269e+03,300000,max_evaluations,9.562099
atmals-gsk,cec2013,23,30,5,78241655,5.0167161319e+03,4.1167161319e+03,300000,max_evaluations,9.553151
atmals-gsk,cec2013,23,30,6,79241692,6.2811016595e+03,5.3811016595e+03,300000,max_evaluations,9.527648
atmals-gsk,cec2013,23,30,7,80241729,6.2714158314e+03,5.3714158314e+03,300000,max_evaluations,9.012682
atmals-gsk,cec2013,23,30,8,81241766,4.5299409288e+03,3.6299409288e+03,300000,max_evaluations,9.229282
atmals-gsk,cec2013,23,30,9,82241803,3.8489847699e+03,2.9489847699e+03,300000,max_evaluations,9.445079
atmals-gsk,cec2013,23,30,10,83241840,6.7440440887e+03,5.8440440887e+03,300000,max_evaluations,8.590351
atmals-gsk,cec2013,23,30,11,84241877,5.8294046275e+03,4.9294046275e+03,300000,max_evaluations,8.449481
atmals-gsk,cec2013,23,30,12,85241914,5.8850503275e+03,4.9850503275e+03,300000,max_evaluations,8.414854
atmals-gsk,cec2013,23,30,13,86241951,4.6798405831e+03,3.7798405831e+03,300000,max_evaluations,8.487155
atmals-gsk,cec2013,23,30,14,87241988,5.5229957314e+03,4.6229957314e+03,300000,max_evaluations,8.381204
atmals-gsk,cec2013,23,30,15,88242025,5.6707193210e+03,4.7707193210e+03,300000,max_evaluations,8.372645
atmals-gsk,cec2013,23,30,16,89242062,6.3788430903e+03,5.4788430903e+03,300000,max_evaluations,11.709033
atmals-gsk,cec2013,23,30,17,90242099,5.8063406721e+03,4.9063406721e+03,300000,max_evaluations,11.751684
atmals-gsk,cec2013,23,30,18,91242136,4.7101007830e+03,3.8101007830e+03,300000,max_evaluations,11.262305
atmals-gsk,cec2013,23,30,19,92242173,5.3652147329e+03,4.4652147329e+03,300000,max_evaluations,11.886839
atmals-gsk,cec2013,23,30,20,93242210,6.1470006793e+03,5.2470006793e+03,300000,max_evaluations,11.734809
atmals-gsk,cec2013,23,30,21,94242247,5.5757763760e+03,4.6757763760e+03,300000,max_evaluations,11.799546
atmals-gsk,cec2013,23,30,22,95242284,5.3696138494e+03,4.4696138494e+03,300000,max_evaluations,11.742004
atmals-gsk,cec2013,23,30,23,96242321,5.6263646910e+03,4.7263646910e+03,300000,max_evaluations,11.754955
atmals-gsk,cec2013,23,30,24,97242358,5.6506988049e+03,4.7506988049e+03,300000,max_evaluations,14.181441
atmals-gsk,cec2013,23,30,25,98242395,6.5704262709e+03,5.6704262709e+03,300000,max_evaluations,13.789548
atmals-gsk,cec2013,23,30,26,99242432,5.3016604039e+03,4.4016604039e+03,300000,max_evaluations,13.774902
atmals-gsk,cec2013,23,30,27,100242469,4.5809767013e+03,3.6809767013e+03,300000,max_evaluations,14.538293
atmals-gsk,cec2013,23,30,28,101242506,6.0631763347e+03,5.1631763347e+03,300000,max_evaluations,13.724017
atmals-gsk,cec2013,23,30,29,102242543,4.8725384729e+03,3.9725384729e+03,300000,max_evaluations,13.789588
atmals-gsk,cec2013,23,30,30,103242580,6.6319878199e+03,5.7319878199e+03,300000,max_evaluations,14.437130
atmals-gsk,cec2013,23,30,31,104242617,5.9133079958e+03,5.0133079958e+03,300000,max_evaluations,11.092988
atmals-gsk,cec2013,23,30,32,105242654,6.5090860232e+03,5.6090860232e+03,300000,max_evaluations,11.295265
atmals-gsk,cec2013,23,30,33,106242691,5.0213316732e+03,4.1213316732e+03,300000,max_evaluations,11.405552
atmals-gsk,cec2013,23,30,34,107242728,6.4171932074e+03,5.5171932074e+03,300000,max_evaluations,11.296500
atmals-gsk,cec2013,23,30,35,108242765,5.4229523077e+03,4.5229523077e+03,300000,max_evaluations,11.267386
atmals-gsk,cec2013,23,30,36,109242802,5.6608724286e+03,4.7608724286e+03,300000,max_evaluations,11.401176
atmals-gsk,cec2013,23,30,37,110242839,7.0137009631e+03,6.1137009631e+03,300000,max_evaluations,11.245892
atmals-gsk,cec2013,23,30,38,111242876,6.6490542372e+03,5.7490542372e+03,300000,max_evaluations,11.456721
atmals-gsk,cec2013,23,30,39,112242913,6.7840246723e+03,5.8840246723e+03,300000,max_evaluations,12.839279
atmals-gsk,cec2013,23,30,40,113242950,6.0046744104e+03,5.1046744104e+03,300000,max_evaluations,13.537454
atmals-gsk,cec2013,23,30,41,114242987,4.3192985486e+03,3.4192985486e+03,300000,max_evaluations,12.726845
atmals-gsk,cec2013,23,30,42,115243024,4.6325683568e+03,3.7325683568e+03,300000,max_evaluations,12.762185
atmals-gsk,cec2013,23,30,43,116243061,5.1177519019e+03,4.2177519019e+03,300000,max_evaluations,13.000322
atmals-gsk,cec2013,23,30,44,117243098,6.0587069255e+03,5.1587069255e+03,300000,max_evaluations,12.642729
atmals-gsk,cec2013,23,30,45,118243135,5.8749545964e+03,4.9749545964e+03,300000,max_evaluations,12.731558
atmals-gsk,cec2013,23,30,46,119243172,6.9952337556e+03,6.0952337556e+03,300000,max_evaluations,9.700025
atmals-gsk,cec2013,23,30,47,120243209,4.6754360480e+03,3.7754360480e+03,300000,max_evaluations,9.255498
atmals-gsk,cec2013,23,30,48,121243246,6.0227628530e+03,5.1227628530e+03,300000,max_evaluations,9.353314
atmals-gsk,cec2013,23,30,49,122243283,6.2144083046e+03,5.3144083046e+03,300000,max_evaluations,8.746159
atmals-gsk,cec2013,23,30,50,123243320,6.4660163394e+03,5.5660163394e+03,300000,max_evaluations,8.982818
atmals-gsk,cec2013,23,30,51,124243357,5.6667695998e+03,4.7667695998e+03,300000,max_evaluations,9.463711
atmals-gsk,cec2013,24,30,1,75241540,1.2063416828e+03,2.0634168280e+02,300000,max_evaluations,14.805067
atmals-gsk,cec2013,24,30,2,76241577,1.2178386988e+03,2.1783869878e+02,300000,max_evaluations,14.818002
atmals-gsk,cec2013,24,30,3,77241614,1.2005880108e+03,2.0058801075e+02,300000,max_evaluations,17.059860
atmals-gsk,cec2013,24,30,4,78241651,1.2485901955e+03,2.4859019548e+02,300000,max_evaluations,17.454298
atmals-gsk,cec2013,24,30,5,79241688,1.2163871784e+03,2.1638717836e+02,300000,max_evaluations,17.394547
atmals-gsk,cec2013,24,30,6,80241725,1.2036019175e+03,2.0360191752e+02,300000,max_evaluations,17.096623
atmals-gsk,cec2013,24,30,7,81241762,1.2062718213e+03,2.0627182134e+02,300000,max_evaluations,17.049662
atmals-gsk,cec2013,24,30,8,82241799,1.2191942246e+03,2.1919422461e+02,300000,max_evaluations,17.597534
atmals-gsk,cec2013,24,30,9,83241836,1.2077223065e+03,2.0772230654e+02,300000,max_evaluations,17.834206
atmals-gsk,cec2013,24,30,10,84241873,1.2056109490e+03,2.0561094901e+02,300000,max_evaluations,15.495395
atmals-gsk,cec2013,24,30,11,85241910,1.2051797295e+03,2.0517972950e+02,300000,max_evaluations,15.193914
atmals-gsk,cec2013,24,30,12,86241947,1.2165254097e+03,2.1652540973e+02,300000,max_evaluations,14.817864
atmals-gsk,cec2013,24,30,13,87241984,1.2090508899e+03,2.0905088991e+02,300000,max_evaluations,14.385376
atmals-gsk,cec2013,24,30,14,88242021,1.2102613474e+03,2.1026134744e+02,300000,max_evaluations,15.124507
atmals-gsk,cec2013,24,30,15,89242058,1.2144680095e+03,2.1446800948e+02,300000,max_evaluations,14.836313
atmals-gsk,cec2013,24,30,16,90242095,1.2045495339e+03,2.0454953390e+02,300000,max_evaluations,17.712882
atmals-gsk,cec2013,24,30,17,91242132,1.2131572114e+03,2.1315721144e+02,300000,max_evaluations,17.004157
atmals-gsk,cec2013,24,30,18,92242169,1.2106143929e+03,2.1061439285e+02,300000,max_evaluations,17.251857
atmals-gsk,cec2013,24,30,19,93242206,1.2075814463e+03,2.0758144632e+02,300000,max_evaluations,16.987909
atmals-gsk,cec2013,24,30,20,94242243,1.2413318816e+03,2.4133188163e+02,300000,max_evaluations,18.003219
atmals-gsk,cec2013,24,30,21,95242280,1.2051333850e+03,2.0513338497e+02,300000,max_evaluations,17.604327
atmals-gsk,cec2013,24,30,22,96242317,1.2085846573e+03,2.0858465731e+02,300000,max_evaluations,18.258575
atmals-gsk,cec2013,24,30,23,97242354,1.2188793161e+03,2.1887931607e+02,300000,max_evaluations,17.699426
atmals-gsk,cec2013,24,30,24,98242391,1.2038700286e+03,2.0387002857e+02,300000,max_evaluations,20.003741
atmals-gsk,cec2013,24,30,25,99242428,1.2145512220e+03,2.1455122197e+02,300000,max_evaluations,20.349351
atmals-gsk,cec2013,24,30,26,100242465,1.2101640794e+03,2.1016407940e+02,300000,max_evaluations,20.596104
atmals-gsk,cec2013,24,30,27,101242502,1.2146013756e+03,2.1460137565e+02,300000,max_evaluations,20.183769
atmals-gsk,cec2013,24,30,28,102242539,1.2045231438e+03,2.0452314381e+02,300000,max_evaluations,20.683431
atmals-gsk,cec2013,24,30,29,103242576,1.2157306937e+03,2.1573069370e+02,300000,max_evaluations,20.246300
atmals-gsk,cec2013,24,30,30,104242613,1.2017979330e+03,2.0179793298e+02,300000,max_evaluations,19.689899
atmals-gsk,cec2013,24,30,31,105242650,1.2191768887e+03,2.1917688873e+02,300000,max_evaluations,16.913902
atmals-gsk,cec2013,24,30,32,106242687,1.2063084576e+03,2.0630845765e+02,300000,max_evaluations,17.233837
atmals-gsk,cec2013,24,30,33,107242724,1.2364741334e+03,2.3647413341e+02,300000,max_evaluations,17.122377
atmals-gsk,cec2013,24,30,34,108242761,1.2194043813e+03,2.1940438133e+02,300000,max_evaluations,16.751163
atmals-gsk,cec2013,24,30,35,109242798,1.2035478537e+03,2.0354785373e+02,300000,max_evaluations,17.014218
atmals-gsk,cec2013,24,30,36,110242835,1.2082517826e+03,2.0825178261e+02,300000,max_evaluations,17.718826
atmals-gsk,cec2013,24,30,37,111242872,1.2222481255e+03,2.2224812549e+02,300000,max_evaluations,17.537387
atmals-gsk,cec2013,24,30,38,112242909,1.2404584234e+03,2.4045842344e+02,300000,max_evaluations,16.556370
atmals-gsk,cec2013,24,30,39,113242946,1.2046802204e+03,2.0468022037e+02,300000,max_evaluations,18.751917
atmals-gsk,cec2013,24,30,40,114242983,1.2216183939e+03,2.2161839388e+02,300000,max_evaluations,19.475478
atmals-gsk,cec2013,24,30,41,115243020,1.2027947308e+03,2.0279473084e+02,300000,max_evaluations,18.735058
atmals-gsk,cec2013,24,30,42,116243057,1.2040312260e+03,2.0403122604e+02,300000,max_evaluations,19.318552
atmals-gsk,cec2013,24,30,43,117243094,1.2074429230e+03,2.0744292298e+02,300000,max_evaluations,19.308399
atmals-gsk,cec2013,24,30,44,118243131,1.2022235457e+03,2.0222354574e+02,300000,max_evaluations,18.757375
atmals-gsk,cec2013,24,30,45,119243168,1.2041991430e+03,2.0419914297e+02,300000,max_evaluations,19.189805
atmals-gsk,cec2013,24,30,46,120243205,1.2087450850e+03,2.0874508502e+02,300000,max_evaluations,13.899791
atmals-gsk,cec2013,24,30,47,121243242,1.2067497686e+03,2.0674976863e+02,300000,max_evaluations,14.136677
atmals-gsk,cec2013,24,30,48,122243279,1.2082745793e+03,2.0827457925e+02,300000,max_evaluations,14.006389
atmals-gsk,cec2013,24,30,49,123243316,1.2339327030e+03,2.3393270302e+02,300000,max_evaluations,14.307949
atmals-gsk,cec2013,24,30,50,124243353,1.2115303218e+03,2.1153032185e+02,300000,max_evaluations,13.579193
atmals-gsk,cec2013,24,30,51,125243390,1.2125956172e+03,2.1259561723e+02,300000,max_evaluations,13.862400
atmals-gsk,cec2013,25,30,1,76241573,1.3649162428e+03,2.6491624278e+02,300000,max_evaluations,17.244976
atmals-gsk,cec2013,25,30,2,77241610,1.3654723694e+03,2.6547236937e+02,300000,max_evaluations,16.646995
atmals-gsk,cec2013,25,30,3,78241647,1.3719500987e+03,2.7195009865e+02,300000,max_evaluations,19.975269
atmals-gsk,cec2013,25,30,4,79241684,1.3948531221e+03,2.9485312215e+02,300000,max_evaluations,19.613492
atmals-gsk,cec2013,25,30,5,80241721,1.3571560317e+03,2.5715603169e+02,300000,max_evaluations,18.990346
atmals-gsk,cec2013,25,30,6,81241758,1.3583453517e+03,2.5834535173e+02,300000,max_evaluations,18.969102
atmals-gsk,cec2013,25,30,7,82241795,1.3858149404e+03,2.8581494044e+02,300000,max_evaluations,20.945478
atmals-gsk,cec2013,25,30,8,83241832,1.3471939731e+03,2.4719397307e+02,300000,max_evaluations,18.876479
atmals-gsk,cec2013,25,30,9,84241869,1.3550650121e+03,2.5506501211e+02,300000,max_evaluations,19.365716
atmals-gsk,cec2013,25,30,10,85241906,1.3760551040e+03,2.7605510398e+02,300000,max_evaluations,17.367126
atmals-gsk,cec2013,25,30,11,86241943,1.3558924871e+03,2.5589248711e+02,300000,max_evaluations,16.892814
atmals-gsk,cec2013,25,30,12,87241980,1.3677940695e+03,2.6779406949e+02,300000,max_evaluations,16.675235
atmals-gsk,cec2013,25,30,13,88242017,1.3857493998e+03,2.8574939976e+02,300000,max_evaluations,17.168310
atmals-gsk,cec2013,25,30,14,89242054,1.3571712957e+03,2.5717129569e+02,300000,max_evaluations,16.780073
atmals-gsk,cec2013,25,30,15,90242091,1.3825438901e+03,2.8254389013e+02,300000,max_evaluations,16.314040
atmals-gsk,cec2013,25,30,16,91242128,1.3951096386e+03,2.9510963861e+02,300000,max_evaluations,18.356205
atmals-gsk,cec2013,25,30,17,92242165,1.3900099251e+03,2.9000992510e+02,300000,max_evaluations,18.183903
atmals-gsk,cec2013,25,30,18,93242202,1.3643500613e+03,2.6435006127e+02,300000,max_evaluations,17.630576
atmals-gsk,cec2013,25,30,19,94242239,1.3565178467e+03,2.5651784671e+02,300000,max_evaluations,17.847235
atmals-gsk,cec2013,25,30,20,95242276,1.3654004546e+03,2.6540045460e+02,300000,max_evaluations,18.052383
atmals-gsk,cec2013,25,30,21,96242313,1.3568398305e+03,2.5683983054e+02,300000,max_evaluations,18.028462
atmals-gsk,cec2013,25,30,22,97242350,1.3655513882e+03,2.6555138817e+02,300000,max_evaluations,17.260799
atmals-gsk,cec2013,25,30,23,98242387,1.3577859333e+03,2.5778593331e+02,300000,max_evaluations,16.496709
atmals-gsk,cec2013,25,30,24,99242424,1.3716968096e+03,2.7169680964e+02,300000,max_evaluations,21.976267
atmals-gsk,cec2013,25,30,25,100242461,1.3945062075e+03,2.9450620750e+02,300000,max_evaluations,22.736245
atmals-gsk,cec2013,25,30,26,101242498,1.3630454402e+03,2.6304544019e+02,300000,max_evaluations,20.409729
atmals-gsk,cec2013,25,30,27,102242535,1.3681696763e+03,2.6816967631e+02,300000,max_evaluations,20.285686
atmals-gsk,cec2013,25,30,28,103242572,1.3568738318e+03,2.5687383183e+02,300000,max_evaluations,21.612559
atmals-gsk,cec2013,25,30,29,104242609,1.3751697233e+03,2.7516972334e+02,300000,max_evaluations,22.574814
atmals-gsk,cec2013,25,30,30,105242646,1.3637064773e+03,2.6370647732e+02,300000,max_evaluations,21.141542
atmals-gsk,cec2013,25,30,31,106242683,1.3619216256e+03,2.6192162560e+02,300000,max_evaluations,17.678499
atmals-gsk,cec2013,25,30,32,107242720,1.3611192643e+03,2.6111926434e+02,300000,max_evaluations,17.806088
atmals-gsk,cec2013,25,30,33,108242757,1.3546991638e+03,2.5469916376e+02,300000,max_evaluations,16.981472
atmals-gsk,cec2013,25,30,34,109242794,1.4092413302e+03,3.0924133017e+02,300000,max_evaluations,18.217834
atmals-gsk,cec2013,25,30,35,110242831,1.3596209736e+03,2.5962097359e+02,300000,max_evaluations,18.048842
atmals-gsk,cec2013,25,30,36,111242868,1.3664307958e+03,2.6643079583e+02,300000,max_evaluations,17.154517
atmals-gsk,cec2013,25,30,37,112242905,1.3843815949e+03,2.8438159492e+02,300000,max_evaluations,18.775798
atmals-gsk,cec2013,25,30,38,113242942,1.3617067331e+03,2.6170673313e+02,300000,max_evaluations,17.074717
atmals-gsk,cec2013,25,30,39,114242979,1.3654265317e+03,2.6542653171e+02,300000,max_evaluations,20.161883
atmals-gsk,cec2013,25,30,40,115243016,1.3429579227e+03,2.4295792268e+02,300000,max_evaluations,21.239143
atmals-gsk,cec2013,25,30,41,116243053,1.3948348208e+03,2.9483482081e+02,300000,max_evaluations,21.467510
atmals-gsk,cec2013,25,30,42,117243090,1.3783137315e+03,2.7831373147e+02,300000,max_evaluations,20.689692
atmals-gsk,cec2013,25,30,43,118243127,1.3770514099e+03,2.7705140992e+02,300000,max_evaluations,19.403352
atmals-gsk,cec2013,25,30,44,119243164,1.3638851642e+03,2.6388516416e+02,300000,max_evaluations,19.415097
atmals-gsk,cec2013,25,30,45,120243201,1.3546115280e+03,2.5461152803e+02,300000,max_evaluations,19.239399
atmals-gsk,cec2013,25,30,46,121243238,1.3909351569e+03,2.9093515690e+02,300000,max_evaluations,15.792996
atmals-gsk,cec2013,25,30,47,122243275,1.3874023885e+03,2.8740238851e+02,300000,max_evaluations,15.327490
atmals-gsk,cec2013,25,30,48,123243312,1.3746182919e+03,2.7461829190e+02,300000,max_evaluations,15.019028
atmals-gsk,cec2013,25,30,49,124243349,1.3996901338e+03,2.9969013384e+02,300000,max_evaluations,15.394509
atmals-gsk,cec2013,25,30,50,125243386,1.3642647259e+03,2.6426472592e+02,300000,max_evaluations,15.422427
atmals-gsk,cec2013,25,30,51,126243423,1.3569888124e+03,2.5698881244e+02,300000,max_evaluations,14.650136
atmals-gsk,cec2013,26,30,1,77241606,1.4000022890e+03,2.0000228902e+02,300000,max_evaluations,17.065095
atmals-gsk,cec2013,26,30,2,78241643,1.4000025996e+03,2.0000259956e+02,300000,max_evaluations,17.758917
atmals-gsk,cec2013,26,30,3,79241680,1.5290609679e+03,3.2906096788e+02,300000,max_evaluations,17.488736
atmals-gsk,cec2013,26,30,4,80241717,1.4000033829e+03,2.0000338294e+02,300000,max_evaluations,19.282440
atmals-gsk,cec2013,26,30,5,81241754,1.4000024438e+03,2.0000244383e+02,300000,max_evaluations,18.770897
atmals-gsk,cec2013,26,30,6,82241791,1.4000019188e+03,2.0000191883e+02,300000,max_evaluations,19.214774
atmals-gsk,cec2013,26,30,7,83241828,1.4000013783e+03,2.0000137829e+02,300000,max_evaluations,19.237136
atmals-gsk,cec2013,26,30,8,84241865,1.4000006662e+03,2.0000066623e+02,300000,max_evaluations,18.913287
atmals-gsk,cec2013,26,30,9,85241902,1.4000007374e+03,2.0000073742e+02,300000,max_evaluations,18.593095
atmals-gsk,cec2013,26,30,10,86241939,1.4000013058e+03,2.0000130581e+02,300000,max_evaluations,17.991630
atmals-gsk,cec2013,26,30,11,87241976,1.4000065191e+03,2.0000651908e+02,300000,max_evaluations,17.207707
atmals-gsk,cec2013,26,30,12,88242013,1.4000020048e+03,2.0000200478e+02,300000,max_evaluations,17.680131
atmals-gsk,cec2013,26,30,13,89242050,1.4000019383e+03,2.0000193832e+02,300000,max_evaluations,17.189499
atmals-gsk,cec2013,26,30,14,90242087,1.4000006635e+03,2.0000066351e+02,300000,max_evaluations,17.480547
atmals-gsk,cec2013,26,30,15,91242124,1.4000039356e+03,2.0000393560e+02,300000,max_evaluations,17.046268
atmals-gsk,cec2013,26,30,16,92242161,1.4000014261e+03,2.0000142608e+02,300000,max_evaluations,21.014153
atmals-gsk,cec2013,26,30,17,93242198,1.4000036274e+03,2.0000362736e+02,300000,max_evaluations,20.324763
atmals-gsk,cec2013,26,30,18,94242235,1.4000038534e+03,2.0000385344e+02,300000,max_evaluations,19.999166
atmals-gsk,cec2013,26,30,19,95242272,1.5147326590e+03,3.1473265897e+02,300000,max_evaluations,18.077612
atmals-gsk,cec2013,26,30,20,96242309,1.4000017902e+03,2.0000179018e+02,300000,max_evaluations,20.168925
atmals-gsk,cec2013,26,30,21,97242346,1.4000064801e+03,2.0000648012e+02,300000,max_evaluations,23.189123
atmals-gsk,cec2013,26,30,22,98242383,1.4000027877e+03,2.0000278768e+02,300000,max_evaluations,20.083524
atmals-gsk,cec2013,26,30,23,99242420,1.4000033947e+03,2.0000339471e+02,300000,max_evaluations,20.012859
atmals-gsk,cec2013,26,30,24,100242457,1.4000010714e+03,2.0000107142e+02,300000,max_evaluations,19.948489
atmals-gsk,cec2013,26,30,25,101242494,1.4000021732e+03,2.0000217323e+02,300000,max_evaluations,23.206946
atmals-gsk,cec2013,26,30,26,102242531,1.4000017545e+03,2.0000175452e+02,300000,max_evaluations,22.741147
atmals-gsk,cec2013,26,30,27,103242568,1.4000019106e+03,2.0000191064e+02,300000,max_evaluations,21.963550
atmals-gsk,cec2013,26,30,28,104242605,1.4000014608e+03,2.0000146081e+02,300000,max_evaluations,22.397470
atmals-gsk,cec2013,26,30,29,105242642,1.4000025008e+03,2.0000250079e+02,300000,max_evaluations,22.323014
atmals-gsk,cec2013,26,30,30,106242679,1.4000017430e+03,2.0000174301e+02,300000,max_evaluations,22.207714
atmals-gsk,cec2013,26,30,31,107242716,1.4000004548e+03,2.0000045480e+02,300000,max_evaluations,20.098672
atmals-gsk,cec2013,26,30,32,108242753,1.4000014457e+03,2.0000144574e+02,300000,max_evaluations,20.467273
atmals-gsk,cec2013,26,30,33,109242790,1.4000021456e+03,2.0000214560e+02,300000,max_evaluations,20.142002
atmals-gsk,cec2013,26,30,34,110242827,1.4000051702e+03,2.0000517025e+02,300000,max_evaluations,20.372181
atmals-gsk,cec2013,26,30,35,111242864,1.4000016778e+03,2.0000167780e+02,300000,max_evaluations,21.023433
atmals-gsk,cec2013,26,30,36,112242901,1.4000060158e+03,2.0000601580e+02,300000,max_evaluations,20.320733
atmals-gsk,cec2013,26,30,37,113242938,1.4000038909e+03,2.0000389094e+02,300000,max_evaluations,21.315324
atmals-gsk,cec2013,26,30,38,114242975,1.4000008500e+03,2.0000085003e+02,300000,max_evaluations,20.219388
atmals-gsk,cec2013,26,30,39,115243012,1.4000018657e+03,2.0000186570e+02,300000,max_evaluations,22.980345
atmals-gsk,cec2013,26,30,40,116243049,1.4000024511e+03,2.0000245114e+02,300000,max_evaluations,22.508660
atmals-gsk,cec2013,26,30,41,117243086,1.4000037867e+03,2.0000378672e+02,300000,max_evaluations,22.139728
atmals-gsk,cec2013,26,30,42,118243123,1.4000024665e+03,2.0000246648e+02,300000,max_evaluations,21.844714
atmals-gsk,cec2013,26,30,43,119243160,1.4000007389e+03,2.0000073893e+02,300000,max_evaluations,21.854066
atmals-gsk,cec2013,26,30,44,120243197,1.4000041184e+03,2.0000411840e+02,300000,max_evaluations,21.923623
atmals-gsk,cec2013,26,30,45,121243234,1.4000009407e+03,2.0000094070e+02,300000,max_evaluations,21.340271
atmals-gsk,cec2013,26,30,46,122243271,1.4000051056e+03,2.0000510557e+02,300000,max_evaluations,15.637128
atmals-gsk,cec2013,26,30,47,123243308,1.4000030604e+03,2.0000306036e+02,300000,max_evaluations,15.293051
atmals-gsk,cec2013,26,30,48,124243345,1.4000028775e+03,2.0000287751e+02,300000,max_evaluations,15.385684
atmals-gsk,cec2013,26,30,49,125243382,1.4000012665e+03,2.0000126655e+02,300000,max_evaluations,14.997121
atmals-gsk,cec2013,26,30,50,126243419,1.4000059222e+03,2.0000592218e+02,300000,max_evaluations,15.055101
atmals-gsk,cec2013,26,30,51,127243456,1.4000007917e+03,2.0000079171e+02,300000,max_evaluations,14.673530
atmals-gsk,cec2013,27,30,1,78241639,1.6998214467e+03,3.9982144665e+02,300000,max_evaluations,16.303744
atmals-gsk,cec2013,27,30,2,79241676,1.8125072698e+03,5.1250726980e+02,300000,max_evaluations,16.790734
atmals-gsk,cec2013,27,30,3,80241713,1.7453041903e+03,4.4530419025e+02,300000,max_evaluations,18.643946
atmals-gsk,cec2013,27,30,4,81241750,1.6666497236e+03,3.6664972363e+02,300000,max_evaluations,17.828857
atmals-gsk,cec2013,27,30,5,82241787,1.6755769282e+03,3.7557692824e+02,300000,max_evaluations,18.318986
atmals-gsk,cec2013,27,30,6,83241824,1.6502305768e+03,3.5023057684e+02,300000,max_evaluations,18.504568
atmals-gsk,cec2013,27,30,7,84241861,1.6743470175e+03,3.7434701745e+02,300000,max_evaluations,18.136580
atmals-gsk,cec2013,27,30,8,85241898,1.7460709784e+03,4.4607097837e+02,300000,max_evaluations,18.186800
atmals-gsk,cec2013,27,30,9,86241935,1.8030688091e+03,5.0306880911e+02,300000,max_evaluations,19.114945
atmals-gsk,cec2013,27,30,10,87241972,1.6671640297e+03,3.6716402973e+02,300000,max_evaluations,15.998955
atmals-gsk,cec2013,27,30,11,88242009,1.9183097345e+03,6.1830973446e+02,300000,max_evaluations,18.069315
atmals-gsk,cec2013,27,30,12,89242046,2.3175076633e+03,1.0175076633e+03,300000,max_evaluations,18.679851
atmals-gsk,cec2013,27,30,13,90242083,2.0318819370e+03,7.3188193700e+02,300000,max_evaluations,17.421416
atmals-gsk,cec2013,27,30,14,91242120,1.6600387509e+03,3.6003875091e+02,300000,max_evaluations,16.291307
atmals-gsk,cec2013,27,30,15,92242157,1.6448744999e+03,3.4487449990e+02,300000,max_evaluations,16.077043
atmals-gsk,cec2013,27,30,16,93242194,1.6578203995e+03,3.5782039947e+02,300000,max_evaluations,17.820602
atmals-gsk,cec2013,27,30,17,94242231,1.7738814945e+03,4.7388149448e+02,300000,max_evaluations,18.299820
atmals-gsk,cec2013,27,30,18,95242268,1.6940843443e+03,3.9408434433e+02,300000,max_evaluations,18.207930
atmals-gsk,cec2013,27,30,19,96242305,1.6523655475e+03,3.5236554745e+02,300000,max_evaluations,17.577910
atmals-gsk,cec2013,27,30,20,97242342,1.8436248544e+03,5.4362485444e+02,300000,max_evaluations,18.066149
atmals-gsk,cec2013,27,30,21,98242379,1.8263446388e+03,5.2634463877e+02,300000,max_evaluations,18.128597
atmals-gsk,cec2013,27,30,22,99242416,1.7470299869e+03,4.4702998686e+02,300000,max_evaluations,20.032668
atmals-gsk,cec2013,27,30,23,100242453,1.8428248628e+03,5.4282486277e+02,300000,max_evaluations,18.296425
atmals-gsk,cec2013,27,30,24,101242490,1.9199319509e+03,6.1993195093e+02,300000,max_evaluations,20.882242
atmals-gsk,cec2013,27,30,25,102242527,1.6720900044e+03,3.7209000441e+02,300000,max_evaluations,21.671272
atmals-gsk,cec2013,27,30,26,103242564,1.6975261942e+03,3.9752619420e+02,300000,max_evaluations,20.159740
atmals-gsk,cec2013,27,30,27,104242601,1.6179396635e+03,3.1793966350e+02,300000,max_evaluations,20.386067
atmals-gsk,cec2013,27,30,28,105242638,1.9619442617e+03,6.6194426168e+02,300000,max_evaluations,22.327800
atmals-gsk,cec2013,27,30,29,106242675,2.0210445538e+03,7.2104455381e+02,300000,max_evaluations,19.155057
atmals-gsk,cec2013,27,30,30,107242712,1.7646614658e+03,4.6466146583e+02,300000,max_evaluations,21.056556
atmals-gsk,cec2013,27,30,31,108242749,1.8936286960e+03,5.9362869595e+02,300000,max_evaluations,18.960060
atmals-gsk,cec2013,27,30,32,109242786,1.7331591111e+03,4.3315911115e+02,300000,max_evaluations,18.018410
atmals-gsk,cec2013,27,30,33,110242823,1.6466587486e+03,3.4665874863e+02,300000,max_evaluations,18.634102
atmals-gsk,cec2013,27,30,34,111242860,2.0043213199e+03,7.0432131985e+02,300000,max_evaluations,18.881963
atmals-gsk,cec2013,27,30,35,112242897,1.6919575592e+03,3.9195755923e+02,300000,max_evaluations,17.852954
atmals-gsk,cec2013,27,30,36,113242934,1.7023447602e+03,4.0234476017e+02,300000,max_evaluations,18.654995
atmals-gsk,cec2013,27,30,37,114242971,1.8281098593e+03,5.2810985930e+02,300000,max_evaluations,18.865697
atmals-gsk,cec2013,27,30,38,115243008,1.7048271660e+03,4.0482716603e+02,300000,max_evaluations,17.862446
atmals-gsk,cec2013,27,30,39,116243045,1.6981841070e+03,3.9818410702e+02,300000,max_evaluations,20.368150
atmals-gsk,cec2013,27,30,40,117243082,1.6511175461e+03,3.5111754614e+02,300000,max_evaluations,20.007985
atmals-gsk,cec2013,27,30,41,118243119,1.7333850150e+03,4.3338501498e+02,300000,max_evaluations,20.479502
atmals-gsk,cec2013,27,30,42,119243156,1.7668367492e+03,4.6683674923e+02,300000,max_evaluations,21.348647
atmals-gsk,cec2013,27,30,43,120243193,1.6545190800e+03,3.5451908001e+02,300000,max_evaluations,18.948562
atmals-gsk,cec2013,27,30,44,121243230,1.6738734221e+03,3.7387342215e+02,300000,max_evaluations,19.343397
atmals-gsk,cec2013,27,30,45,122243267,1.7705527322e+03,4.7055273220e+02,300000,max_evaluations,19.660510
atmals-gsk,cec2013,27,30,46,123243304,1.7211660877e+03,4.2116608774e+02,300000,max_evaluations,14.568379
atmals-gsk,cec2013,27,30,47,124243341,1.8846149401e+03,5.8461494006e+02,300000,max_evaluations,14.778978
atmals-gsk,cec2013,27,30,48,125243378,2.0296664319e+03,7.2966643190e+02,300000,max_evaluations,14.667825
atmals-gsk,cec2013,27,30,49,126243415,1.6744349405e+03,3.7443494046e+02,300000,max_evaluations,14.306184
atmals-gsk,cec2013,27,30,50,127243452,2.4185942874e+03,1.1185942874e+03,300000,max_evaluations,15.320658
atmals-gsk,cec2013,27,30,51,128243489,1.7415523156e+03,4.4155231563e+02,300000,max_evaluations,14.271852
atmals-gsk,cec2013,28,30,1,79241672,1.7000000000e+03,3.0000000000e+02,300000,max_evaluations,10.276324
atmals-gsk,cec2013,28,30,2,80241709,1.7000000000e+03,3.0000000000e+02,300000,max_evaluations,10.345137
atmals-gsk,cec2013,28,30,3,81241746,1.7000000000e+03,3.0000000000e+02,300000,max_evaluations,11.425912
atmals-gsk,cec2013,28,30,4,82241783,1.7000000000e+03,3.0000000000e+02,300000,max_evaluations,11.361845
atmals-gsk,cec2013,28,30,5,83241820,1.7000000000e+03,3.0000000000e+02,300000,max_evaluations,11.949704
atmals-gsk,cec2013,28,30,6,84241857,1.7000000000e+03,3.0000000000e+02,300000,max_evaluations,11.579331
atmals-gsk,cec2013,28,30,7,85241894,1.7000000000e+03,3.0000000000e+02,300000,max_evaluations,11.315569
atmals-gsk,cec2013,28,30,8,86241931,1.7000000000e+03,3.0000000000e+02,300000,max_evaluations,11.048612
atmals-gsk,cec2013,28,30,9,87241968,1.7000000000e+03,3.0000000000e+02,300000,max_evaluations,11.932019
atmals-gsk,cec2013,28,30,10,88242005,1.7000000000e+03,3.0000000000e+02,300000,max_evaluations,10.183951
atmals-gsk,cec2013,28,30,11,89242042,1.7000000000e+03,3.0000000000e+02,300000,max_evaluations,10.685547
atmals-gsk,cec2013,28,30,12,90242079,1.7000000000e+03,3.0000000000e+02,300000,max_evaluations,10.058115
atmals-gsk,cec2013,28,30,13,91242116,1.7000000000e+03,3.0000000000e+02,300000,max_evaluations,10.449042
atmals-gsk,cec2013,28,30,14,92242153,1.7000000000e+03,3.0000000000e+02,300000,max_evaluations,10.444131
atmals-gsk,cec2013,28,30,15,93242190,1.7000000000e+03,3.0000000000e+02,300000,max_evaluations,10.661101
atmals-gsk,cec2013,28,30,16,94242227,1.7000000000e+03,3.0000000000e+02,300000,max_evaluations,12.574715
atmals-gsk,cec2013,28,30,17,95242264,1.7000000000e+03,3.0000000000e+02,300000,max_evaluations,13.281811
atmals-gsk,cec2013,28,30,18,96242301,1.7000000000e+03,3.0000000000e+02,300000,max_evaluations,12.740446
atmals-gsk,cec2013,28,30,19,97242338,1.7000000000e+03,3.0000000000e+02,300000,max_evaluations,13.002844
atmals-gsk,cec2013,28,30,20,98242375,1.7000000000e+03,3.0000000000e+02,300000,max_evaluations,13.194716
atmals-gsk,cec2013,28,30,21,99242412,1.7000000000e+03,3.0000000000e+02,300000,max_evaluations,12.447254
atmals-gsk,cec2013,28,30,22,100242449,1.7000000000e+03,3.0000000000e+02,300000,max_evaluations,12.513372
atmals-gsk,cec2013,28,30,23,101242486,1.7000000000e+03,3.0000000000e+02,300000,max_evaluations,13.210367
atmals-gsk,cec2013,28,30,24,102242523,1.7000000000e+03,3.0000000000e+02,300000,max_evaluations,14.405554
atmals-gsk,cec2013,28,30,25,103242560,1.7000000000e+03,3.0000000000e+02,300000,max_evaluations,14.510723
atmals-gsk,cec2013,28,30,26,104242597,1.7000000000e+03,3.0000000000e+02,300000,max_evaluations,13.753984
atmals-gsk,cec2013,28,30,27,105242634,1.7000000000e+03,3.0000000000e+02,300000,max_evaluations,14.315701
atmals-gsk,cec2013,28,30,28,106242671,1.7000000000e+03,3.0000000000e+02,300000,max_evaluations,14.383040
atmals-gsk,cec2013,28,30,29,107242708,1.7000000000e+03,3.0000000000e+02,300000,max_evaluations,14.291908
atmals-gsk,cec2013,28,30,30,108242745,1.7000000000e+03,3.0000000000e+02,300000,max_evaluations,14.419888
atmals-gsk,cec2013,28,30,31,109242782,1.7000000000e+03,3.0000000000e+02,300000,max_evaluations,12.963063
atmals-gsk,cec2013,28,30,32,110242819,1.7000000000e+03,3.0000000000e+02,300000,max_evaluations,12.941013
atmals-gsk,cec2013,28,30,33,111242856,1.7000000000e+03,3.0000000000e+02,300000,max_evaluations,12.657740
atmals-gsk,cec2013,28,30,34,112242893,1.7000000000e+03,3.0000000000e+02,300000,max_evaluations,12.438833
atmals-gsk,cec2013,28,30,35,113242930,1.7000000000e+03,3.0000000000e+02,300000,max_evaluations,12.634218
atmals-gsk,cec2013,28,30,36,114242967,1.7000000000e+03,3.0000000000e+02,300000,max_evaluations,12.622381
atmals-gsk,cec2013,28,30,37,115243004,1.7000000000e+03,3.0000000000e+02,300000,max_evaluations,12.676958
atmals-gsk,cec2013,28,30,38,116243041,1.7000000000e+03,3.0000000000e+02,300000,max_evaluations,12.905681
atmals-gsk,cec2013,28,30,39,117243078,1.7000000000e+03,3.0000000000e+02,300000,max_evaluations,13.557698
atmals-gsk,cec2013,28,30,40,118243115,1.7000000000e+03,3.0000000000e+02,300000,max_evaluations,13.828711
atmals-gsk,cec2013,28,30,41,119243152,1.7000000000e+03,3.0000000000e+02,300000,max_evaluations,13.820935
atmals-gsk,cec2013,28,30,42,120243189,1.7000000000e+03,3.0000000000e+02,300000,max_evaluations,13.828126
atmals-gsk,cec2013,28,30,43,121243226,1.7000000000e+03,3.0000000000e+02,300000,max_evaluations,13.622071
atmals-gsk,cec2013,28,30,44,122243263,1.7000000000e+03,3.0000000000e+02,300000,max_evaluations,13.209302
atmals-gsk,cec2013,28,30,45,123243300,1.7000000000e+03,3.0000000000e+02,300000,max_evaluations,13.771237
atmals-gsk,cec2013,28,30,46,124243337,1.7000000000e+03,3.0000000000e+02,300000,max_evaluations,9.259070
atmals-gsk,cec2013,28,30,47,125243374,1.7000000000e+03,3.0000000000e+02,300000,max_evaluations,9.727612
atmals-gsk,cec2013,28,30,48,126243411,1.7000000000e+03,3.0000000000e+02,300000,max_evaluations,9.576259
atmals-gsk,cec2013,28,30,49,127243448,1.7000000000e+03,3.0000000000e+02,300000,max_evaluations,9.660915
atmals-gsk,cec2013,28,30,50,128243485,1.7000000000e+03,3.0000000000e+02,300000,max_evaluations,9.682994
atmals-gsk,cec2013,28,30,51,129243522,1.7000000000e+03,3.0000000000e+02,300000,max_evaluations,9.230873
atmals-gsk,cec2013,1,50,1,72240841,-1.4000000000e+03,0.0000000000e+00,500000,max_evaluations,17.891054
atmals-gsk,cec2013,1,50,2,73240878,-1.4000000000e+03,0.0000000000e+00,500000,max_evaluations,18.068322
atmals-gsk,cec2013,1,50,3,74240915,-1.4000000000e+03,0.0000000000e+00,500000,max_evaluations,20.845889
atmals-gsk,cec2013,1,50,4,75240952,-1.4000000000e+03,0.0000000000e+00,500000,max_evaluations,20.690524
atmals-gsk,cec2013,1,50,5,76240989,-1.4000000000e+03,0.0000000000e+00,500000,max_evaluations,19.679572
atmals-gsk,cec2013,1,50,6,77241026,-1.4000000000e+03,0.0000000000e+00,500000,max_evaluations,20.563023
atmals-gsk,cec2013,1,50,7,78241063,-1.4000000000e+03,0.0000000000e+00,500000,max_evaluations,21.086422
atmals-gsk,cec2013,1,50,8,79241100,-1.4000000000e+03,0.0000000000e+00,500000,max_evaluations,20.584706
atmals-gsk,cec2013,1,50,9,80241137,-1.4000000000e+03,0.0000000000e+00,500000,max_evaluations,20.595627
atmals-gsk,cec2013,1,50,10,81241174,-1.4000000000e+03,0.0000000000e+00,500000,max_evaluations,17.728978
atmals-gsk,cec2013,1,50,11,82241211,-1.4000000000e+03,0.0000000000e+00,500000,max_evaluations,17.531824
atmals-gsk,cec2013,1,50,12,83241248,-1.4000000000e+03,0.0000000000e+00,500000,max_evaluations,17.794387
atmals-gsk,cec2013,1,50,13,84241285,-1.4000000000e+03,0.0000000000e+00,500000,max_evaluations,17.552548
atmals-gsk,cec2013,1,50,14,85241322,-1.4000000000e+03,0.0000000000e+00,500000,max_evaluations,17.896591
atmals-gsk,cec2013,1,50,15,86241359,-1.4000000000e+03,0.0000000000e+00,500000,max_evaluations,17.825506
atmals-gsk,cec2013,1,50,16,87241396,-1.4000000000e+03,0.0000000000e+00,500000,max_evaluations,19.632554
atmals-gsk,cec2013,1,50,17,88241433,-1.4000000000e+03,0.0000000000e+00,500000,max_evaluations,19.460205
atmals-gsk,cec2013,1,50,18,89241470,-1.4000000000e+03,0.0000000000e+00,500000,max_evaluations,19.693782
atmals-gsk,cec2013,1,50,19,90241507,-1.4000000000e+03,0.0000000000e+00,500000,max_evaluations,20.392113
atmals-gsk,cec2013,1,50,20,91241544,-1.4000000000e+03,0.0000000000e+00,500000,max_evaluations,19.285099
atmals-gsk,cec2013,1,50,21,92241581,-1.4000000000e+03,0.0000000000e+00,500000,max_evaluations,19.693901
atmals-gsk,cec2013,1,50,22,93241618,-1.4000000000e+03,0.0000000000e+00,500000,max_evaluations,19.276897
atmals-gsk,cec2013,1,50,23,94241655,-1.4000000000e+03,0.0000000000e+00,500000,max_evaluations,19.664687
atmals-gsk,cec2013,1,50,24,95241692,-1.4000000000e+03,0.0000000000e+00,500000,max_evaluations,22.543070
atmals-gsk,cec2013,1,50,25,96241729,-1.4000000000e+03,0.0000000000e+00,500000,max_evaluations,23.354688
atmals-gsk,cec2013,1,50,26,97241766,-1.4000000000e+03,0.0000000000e+00,500000,max_evaluations,23.238144
atmals-gsk,cec2013,1,50,27,98241803,-1.4000000000e+03,0.0000000000e+00,500000,max_evaluations,23.403580
atmals-gsk,cec2013,1,50,28,99241840,-1.4000000000e+03,0.0000000000e+00,500000,max_evaluations,23.550405
atmals-gsk,cec2013,1,50,29,100241877,-1.4000000000e+03,0.0000000000e+00,500000,max_evaluations,22.840764
atmals-gsk,cec2013,1,50,30,101241914,-1.4000000000e+03,0.0000000000e+00,500000,max_evaluations,23.757112
atmals-gsk,cec2013,1,50,31,102241951,-1.4000000000e+03,0.0000000000e+00,500000,max_evaluations,19.779554
atmals-gsk,cec2013,1,50,32,103241988,-1.4000000000e+03,0.0000000000e+00,500000,max_evaluations,19.490943
atmals-gsk,cec2013,1,50,33,104242025,-1.4000000000e+03,0.0000000000e+00,500000,max_evaluations,20.195360
atmals-gsk,cec2013,1,50,34,105242062,-1.4000000000e+03,0.0000000000e+00,500000,max_evaluations,19.067950
atmals-gsk,cec2013,1,50,35,106242099,-1.4000000000e+03,0.0000000000e+00,500000,max_evaluations,20.072470
atmals-gsk,cec2013,1,50,36,107242136,-1.4000000000e+03,0.0000000000e+00,500000,max_evaluations,19.538303
atmals-gsk,cec2013,1,50,37,108242173,-1.4000000000e+03,0.0000000000e+00,500000,max_evaluations,19.343478
atmals-gsk,cec2013,1,50,38,109242210,-1.4000000000e+03,0.0000000000e+00,500000,max_evaluations,19.890533
atmals-gsk,cec2013,1,50,39,110242247,-1.4000000000e+03,0.0000000000e+00,500000,max_evaluations,21.699646
atmals-gsk,cec2013,1,50,40,111242284,-1.4000000000e+03,0.0000000000e+00,500000,max_evaluations,21.407850
atmals-gsk,cec2013,1,50,41,112242321,-1.4000000000e+03,0.0000000000e+00,500000,max_evaluations,22.005295
atmals-gsk,cec2013,1,50,42,113242358,-1.4000000000e+03,0.0000000000e+00,500000,max_evaluations,21.625225
atmals-gsk,cec2013,1,50,43,114242395,-1.4000000000e+03,0.0000000000e+00,500000,max_evaluations,21.341235
atmals-gsk,cec2013,1,50,44,115242432,-1.4000000000e+03,0.0000000000e+00,500000,max_evaluations,21.470951
atmals-gsk,cec2013,1,50,45,116242469,-1.4000000000e+03,0.0000000000e+00,500000,max_evaluations,21.504314
atmals-gsk,cec2013,1,50,46,117242506,-1.4000000000e+03,0.0000000000e+00,500000,max_evaluations,15.930261
atmals-gsk,cec2013,1,50,47,118242543,-1.4000000000e+03,0.0000000000e+00,500000,max_evaluations,15.312344
atmals-gsk,cec2013,1,50,48,119242580,-1.4000000000e+03,0.0000000000e+00,500000,max_evaluations,15.162642
atmals-gsk,cec2013,1,50,49,120242617,-1.4000000000e+03,0.0000000000e+00,500000,max_evaluations,15.444291
atmals-gsk,cec2013,1,50,50,121242654,-1.4000000000e+03,0.0000000000e+00,500000,max_evaluations,15.776496
atmals-gsk,cec2013,1,50,51,122242691,-1.4000000000e+03,0.0000000000e+00,500000,max_evaluations,15.624817
atmals-gsk,cec2013,2,50,1,73240874,5.1780585798e+04,5.3080585798e+04,500000,max_evaluations,18.522979
atmals-gsk,cec2013,2,50,2,74240911,6.5453969922e+04,6.6753969922e+04,500000,max_evaluations,18.481276
atmals-gsk,cec2013,2,50,3,75240948,5.2755432745e+04,5.4055432745e+04,500000,max_evaluations,21.896744
atmals-gsk,cec2013,2,50,4,76240985,8.7623353009e+04,8.8923353009e+04,500000,max_evaluations,21.434659
atmals-gsk,cec2013,2,50,5,77241022,9.2770776030e+04,9.4070776030e+04,500000,max_evaluations,21.971155
atmals-gsk,cec2013,2,50,6,78241059,8.3494474246e+04,8.4794474246e+04,500000,max_evaluations,22.001802
atmals-gsk,cec2013,2,50,7,79241096,7.2666196388e+04,7.3966196388e+04,500000,max_evaluations,21.854380
atmals-gsk,cec2013,2,50,8,80241133,6.5232792124e+04,6.6532792124e+04,500000,max_evaluations,22.377741
atmals-gsk,cec2013,2,50,9,81241170,5.4283038607e+04,5.5583038607e+04,500000,max_evaluations,21.961689
atmals-gsk,cec2013,2,50,10,82241207,6.9979767724e+04,7.1279767724e+04,500000,max_evaluations,18.257590
atmals-gsk,cec2013,2,50,11,83241244,1.0746335503e+05,1.0876335503e+05,500000,max_evaluations,18.626652
atmals-gsk,cec2013,2,50,12,84241281,7.6146471737e+04,7.7446471737e+04,500000,max_evaluations,18.895072
atmals-gsk,cec2013,2,50,13,85241318,6.7186672221e+04,6.8486672221e+04,500000,max_evaluations,18.712184
atmals-gsk,cec2013,2,50,14,86241355,1.2024389677e+05,1.2154389677e+05,500000,max_evaluations,18.742122
atmals-gsk,cec2013,2,50,15,87241392,1.1626458819e+05,1.1756458819e+05,500000,max_evaluations,18.721003
atmals-gsk,cec2013,2,50,16,88241429,5.4946887270e+04,5.6246887270e+04,500000,max_evaluations,21.942995
atmals-gsk,cec2013,2,50,17,89241466,3.3902891295e+04,3.5202891295e+04,500000,max_evaluations,22.112747
atmals-gsk,cec2013,2,50,18,90241503,7.1247871851e+04,7.2547871851e+04,500000,max_evaluations,21.287515
atmals-gsk,cec2013,2,50,19,91241540,5.4006153101e+04,5.5306153101e+04,500000,max_evaluations,21.983673
atmals-gsk,cec2013,2,50,20,92241577,6.0390865072e+04,6.1690865072e+04,500000,max_evaluations,21.951024
atmals-gsk,cec2013,2,50,21,93241614,5.2724331948e+04,5.4024331948e+04,500000,max_evaluations,21.532764
atmals-gsk,cec2013,2,50,22,94241651,4.7522138002e+04,4.8822138002e+04,500000,max_evaluations,21.537232
atmals-gsk,cec2013,2,50,23,95241688,4.8657358196e+04,4.9957358196e+04,500000,max_evaluations,21.670521
atmals-gsk,cec2013,2,50,24,96241725,3.1475035049e+04,3.2775035049e+04,500000,max_evaluations,24.761630
atmals-gsk,cec2013,2,50,25,97241762,3.5062542136e+04,3.6362542136e+04,500000,max_evaluations,25.905300
atmals-gsk,cec2013,2,50,26,98241799,4.7653289621e+04,4.8953289621e+04,500000,max_evaluations,25.996453
atmals-gsk,cec2013,2,50,27,99241836,3.6557380680e+04,3.7857380680e+04,500000,max_evaluations,25.110299
atmals-gsk,cec2013,2,50,28,100241873,4.5735425759e+04,4.7035425759e+04,500000,max_evaluations,25.092864
atmals-gsk,cec2013,2,50,29,101241910,6.8742071372e+04,7.0042071372e+04,500000,max_evaluations,25.734283
atmals-gsk,cec2013,2,50,30,102241947,8.2108347337e+04,8.3408347337e+04,500000,max_evaluations,25.218185
atmals-gsk,cec2013,2,50,31,103241984,7.8137590728e+04,7.9437590728e+04,500000,max_evaluations,20.668766
atmals-gsk,cec2013,2,50,32,104242021,1.1813851752e+05,1.1943851752e+05,500000,max_evaluations,20.517574
atmals-gsk,cec2013,2,50,33,105242058,8.6712809175e+04,8.8012809175e+04,500000,max_evaluations,20.831459
atmals-gsk,cec2013,2,50,34,106242095,8.9677175001e+04,9.0977175001e+04,500000,max_evaluations,20.384238
atmals-gsk,cec2013,2,50,35,107242132,5.2339530926e+04,5.3639530926e+04,500000,max_evaluations,20.551262
atmals-gsk,cec2013,2,50,36,108242169,8.4571307304e+04,8.5871307304e+04,500000,max_evaluations,20.472073
atmals-gsk,cec2013,2,50,37,109242206,7.4156585828e+04,7.5456585828e+04,500000,max_evaluations,20.489390
atmals-gsk,cec2013,2,50,38,110242243,2.6615306011e+04,2.7915306011e+04,500000,max_evaluations,20.366934
atmals-gsk,cec2013,2,50,39,111242280,3.9867383187e+04,4.1167383187e+04,500000,max_evaluations,22.694537
atmals-gsk,cec2013,2,50,40,112242317,1.8779516404e+04,2.0079516404e+04,500000,max_evaluations,22.836326
atmals-gsk,cec2013,2,50,41,113242354,1.4775619146e+05,1.4905619146e+05,500000,max_evaluations,22.287390
atmals-gsk,cec2013,2,50,42,114242391,7.9108557112e+04,8.0408557112e+04,500000,max_evaluations,23.533166
atmals-gsk,cec2013,2,50,43,115242428,2.5029195492e+04,2.6329195492e+04,500000,max_evaluations,22.378953
atmals-gsk,cec2013,2,50,44,116242465,6.5883772263e+04,6.7183772263e+04,500000,max_evaluations,22.597573
atmals-gsk,cec2013,2,50,45,117242502,5.2852830085e+04,5.4152830085e+04,500000,max_evaluations,22.617863
atmals-gsk,cec2013,2,50,46,118242539,5.7507074505e+04,5.8807074505e+04,500000,max_evaluations,16.096201
atmals-gsk,cec2013,2,50,47,119242576,2.3171834425e+04,2.4471834425e+04,500000,max_evaluations,15.593790
atmals-gsk,cec2013,2,50,48,120242613,3.9559452363e+04,4.0859452363e+04,500000,max_evaluations,15.625065
atmals-gsk,cec2013,2,50,49,121242650,6.2132887439e+04,6.3432887439e+04,500000,max_evaluations,15.751843
atmals-gsk,cec2013,2,50,50,122242687,1.4108370312e+05,1.4238370312e+05,500000,max_evaluations,15.501344
atmals-gsk,cec2013,2,50,51,123242724,3.8048672595e+04,3.9348672595e+04,500000,max_evaluations,15.701165
atmals-gsk,cec2013,3,50,1,74240907,3.6879167396e+06,3.6891167396e+06,500000,max_evaluations,19.426687
atmals-gsk,cec2013,3,50,2,75240944,7.4964875306e+04,7.6164875306e+04,500000,max_evaluations,18.882627
atmals-gsk,cec2013,3,50,3,76240981,6.8848389969e+05,6.8968389969e+05,500000,max_evaluations,21.273262
atmals-gsk,cec2013,3,50,4,77241018,4.3610928337e+03,5.5610928337e+03,500000,max_evaluations,22.448497
atmals-gsk,cec2013,3,50,5,78241055,1.2140884158e+06,1.2152884158e+06,500000,max_evaluations,22.127130
atmals-gsk,cec2013,3,50,6,79241092,9.7922113837e+04,9.9122113837e+04,500000,max_evaluations,23.052107
atmals-gsk,cec2013,3,50,7,80241129,6.1312109827e+03,7.3312109827e+03,500000,max_evaluations,21.771186
atmals-gsk,cec2013,3,50,8,81241166,2.7828721587e+06,2.7840721587e+06,500000,max_evaluations,22.303285
atmals-gsk,cec2013,3,50,9,82241203,2.4690595983e+03,3.6690595983e+03,500000,max_evaluations,22.478894
atmals-gsk,cec2013,3,50,10,83241240,1.0839427222e+06,1.0851427222e+06,500000,max_evaluations,19.149416
atmals-gsk,cec2013,3,50,11,84241277,5.0111191357e+02,1.7011119136e+03,500000,max_evaluations,19.107517
atmals-gsk,cec2013,3,50,12,85241314,-5.7993121549e+02,6.2006878451e+02,500000,max_evaluations,19.039875
atmals-gsk,cec2013,3,50,13,86241351,1.7767426570e+06,1.7779426570e+06,500000,max_evaluations,19.371925
atmals-gsk,cec2013,3,50,14,87241388,1.2315418068e+05,1.2435418068e+05,500000,max_evaluations,19.364460
atmals-gsk,cec2013,3,50,15,88241425,1.9246788816e+06,1.9258788816e+06,500000,max_evaluations,19.172810
atmals-gsk,cec2013,3,50,16,89241462,4.4224112761e+04,4.5424112761e+04,500000,max_evaluations,20.462101
atmals-gsk,cec2013,3,50,17,90241499,4.7652246504e+05,4.7772246504e+05,500000,max_evaluations,21.259273
atmals-gsk,cec2013,3,50,18,91241536,9.5912598976e+04,9.7112598976e+04,500000,max_evaluations,20.722784
atmals-gsk,cec2013,3,50,19,92241573,9.4215101754e+04,9.5415101754e+04,500000,max_evaluations,20.952826
atmals-gsk,cec2013,3,50,20,93241610,3.7344929267e+06,3.7356929267e+06,500000,max_evaluations,21.659852
atmals-gsk,cec2013,3,50,21,94241647,8.0752951693e+05,8.0872951693e+05,500000,max_evaluations,20.598903
atmals-gsk,cec2013,3,50,22,95241684,1.0432445593e+07,1.0433645593e+07,500000,max_evaluations,21.110201
atmals-gsk,cec2013,3,50,23,96241721,-9.4173520230e+02,2.5826479770e+02,500000,max_evaluations,20.977035
atmals-gsk,cec2013,3,50,24,97241758,3.3715919535e+06,3.3727919535e+06,500000,max_evaluations,24.781971
atmals-gsk,cec2013,3,50,25,98241795,4.0297826064e+02,1.6029782606e+03,500000,max_evaluations,24.825990
atmals-gsk,cec2013,3,50,26,99241832,1.7750893326e+06,1.7762893326e+06,500000,max_evaluations,25.850949
atmals-gsk,cec2013,3,50,27,100241869,1.2582915104e+04,1.3782915104e+04,500000,max_evaluations,24.723345
atmals-gsk,cec2013,3,50,28,101241906,3.8264633712e+06,3.8276633712e+06,500000,max_evaluations,24.499059
atmals-gsk,cec2013,3,50,29,102241943,1.6322462273e+06,1.6334462273e+06,500000,max_evaluations,24.211526
atmals-gsk,cec2013,3,50,30,103241980,7.7833944897e+06,7.7845944897e+06,500000,max_evaluations,24.665313
atmals-gsk,cec2013,3,50,31,104242017,1.3968192882e+05,1.4088192882e+05,500000,max_evaluations,21.930538
atmals-gsk,cec2013,3,50,32,105242054,7.6261982467e+03,8.8261982467e+03,500000,max_evaluations,22.262865
atmals-gsk,cec2013,3,50,33,106242091,5.2708444994e+05,5.2828444994e+05,500000,max_evaluations,22.224016
atmals-gsk,cec2013,3,50,34,107242128,5.7647545838e+05,5.7767545838e+05,500000,max_evaluations,21.900778
atmals-gsk,cec2013,3,50,35,108242165,6.8721385493e+06,6.8733385493e+06,500000,max_evaluations,22.419623
atmals-gsk,cec2013,3,50,36,109242202,5.0187290450e+06,5.0199290450e+06,500000,max_evaluations,21.645239
atmals-gsk,cec2013,3,50,37,110242239,3.5047976109e+05,3.5167976109e+05,500000,max_evaluations,22.205845
atmals-gsk,cec2013,3,50,38,111242276,7.1902509166e+04,7.3102509166e+04,500000,max_evaluations,22.467881
atmals-gsk,cec2013,3,50,39,112242313,8.1003895748e+03,9.3003895748e+03,500000,max_evaluations,24.973977
atmals-gsk,cec2013,3,50,40,113242350,4.7175169261e+03,5.9175169261e+03,500000,max_evaluations,24.042887
atmals-gsk,cec2013,3,50,41,114242387,5.0680964576e+05,5.0800964576e+05,500000,max_evaluations,24.555377
atmals-gsk,cec2013,3,50,42,115242424,2.1620077490e+05,2.1740077490e+05,500000,max_evaluations,24.776739
atmals-gsk,cec2013,3,50,43,116242461,6.3507262566e+03,7.5507262566e+03,500000,max_evaluations,24.635396
atmals-gsk,cec2013,3,50,44,117242498,1.4621076490e+04,1.5821076490e+04,500000,max_evaluations,24.547337
atmals-gsk,cec2013,3,50,45,118242535,1.5114501095e+06,1.5126501095e+06,500000,max_evaluations,23.970560
atmals-gsk,cec2013,3,50,46,119242572,2.9480946850e+05,2.9600946850e+05,500000,max_evaluations,18.005271
atmals-gsk,cec2013,3,50,47,120242609,1.7895055867e+06,1.7907055867e+06,500000,max_evaluations,17.732429
atmals-gsk,cec2013,3,50,48,121242646,5.5910287425e+05,5.6030287425e+05,500000,max_evaluations,17.408181
atmals-gsk,cec2013,3,50,49,122242683,6.5623573249e+06,6.5635573249e+06,500000,max_evaluations,17.963045
atmals-gsk,cec2013,3,50,50,123242720,2.6698562514e+05,2.6818562514e+05,500000,max_evaluations,17.816579
atmals-gsk,cec2013,3,50,51,124242757,1.0283408884e+05,1.0403408884e+05,500000,max_evaluations,17.600441
atmals-gsk,cec2013,4,50,1,75240940,-1.0987960152e+03,1.2039848364e+00,500000,max_evaluations,19.303892
atmals-gsk,cec2013,4,50,2,76240977,-1.0992006703e+03,7.9932969857e-01,500000,max_evaluations,19.542921
atmals-gsk,cec2013,4,50,3,77241014,-1.0987387363e+03,1.2612636772e+00,500000,max_evaluations,21.821948
atmals-gsk,cec2013,4,50,4,78241051,-1.0992286414e+03,7.7135861750e-01,500000,max_evaluations,22.927062
atmals-gsk,cec2013,4,50,5,79241088,-1.0990954863e+03,9.0451372776e-01,500000,max_evaluations,23.101436
atmals-gsk,cec2013,4,50,6,80241125,-1.0970436503e+03,2.9563496655e+00,500000,max_evaluations,22.562153
atmals-gsk,cec2013,4,50,7,81241162,-1.0982697265e+03,1.7302735166e+00,500000,max_evaluations,22.172941
atmals-gsk,cec2013,4,50,8,82241199,-1.0971492275e+03,2.8507724918e+00,500000,max_evaluations,22.859456
atmals-gsk,cec2013,4,50,9,83241236,-1.0979475522e+03,2.0524478420e+00,500000,max_evaluations,22.465463
atmals-gsk,cec2013,4,50,10,84241273,-1.0987186585e+03,1.2813415499e+00,500000,max_evaluations,19.306313
atmals-gsk,cec2013,4,50,11,85241310,-1.0989780728e+03,1.0219272314e+00,500000,max_evaluations,18.830948
atmals-gsk,cec2013,4,50,12,86241347,-1.0998440578e+03,1.5594222809e-01,500000,max_evaluations,18.660279
atmals-gsk,cec2013,4,50,13,87241384,-1.0977521446e+03,2.2478553847e+00,500000,max_evaluations,18.739292
atmals-gsk,cec2013,4,50,14,88241421,-1.0923716225e+03,7.6283775146e+00,500000,max_evaluations,19.295442
atmals-gsk,cec2013,4,50,15,89241458,-1.0975712238e+03,2.4287762184e+00,500000,max_evaluations,18.723460
atmals-gsk,cec2013,4,50,16,90241495,-1.0993339676e+03,6.6603241944e-01,500000,max_evaluations,19.852008
atmals-gsk,cec2013,4,50,17,91241532,-1.0988364904e+03,1.1635095814e+00,500000,max_evaluations,20.155561
atmals-gsk,cec2013,4,50,18,92241569,-1.0995612385e+03,4.3876150214e-01,500000,max_evaluations,20.066728
atmals-gsk,cec2013,4,50,19,93241606,-1.0939325194e+03,6.0674806090e+00,500000,max_evaluations,19.687566
atmals-gsk,cec2013,4,50,20,94241643,-1.0992606722e+03,7.3932783691e-01,500000,max_evaluations,19.838424
atmals-gsk,cec2013,4,50,21,95241680,-1.0985626470e+03,1.4373529769e+00,500000,max_evaluations,20.344782
atmals-gsk,cec2013,4,50,22,96241717,-1.0988681090e+03,1.1318909709e+00,500000,max_evaluations,19.870031
atmals-gsk,cec2013,4,50,23,97241754,-1.0918328854e+03,8.1671146237e+00,500000,max_evaluations,20.461405
atmals-gsk,cec2013,4,50,24,98241791,-1.0990267895e+03,9.7321050541e-01,500000,max_evaluations,23.253390
atmals-gsk,cec2013,4,50,25,99241828,-1.0984563646e+03,1.5436354321e+00,500000,max_evaluations,23.884170
atmals-gsk,cec2013,4,50,26,100241865,-1.0982655844e+03,1.7344155998e+00,500000,max_evaluations,24.097455
atmals-gsk,cec2013,4,50,27,101241902,-1.0988051223e+03,1.1948776642e+00,500000,max_evaluations,23.424890
atmals-gsk,cec2013,4,50,28,102241939,-1.0983175598e+03,1.6824402367e+00,500000,max_evaluations,23.865235
atmals-gsk,cec2013,4,50,29,103241976,-1.0945283440e+03,5.4716560101e+00,500000,max_evaluations,23.801431
atmals-gsk,cec2013,4,50,30,104242013,-1.0971659248e+03,2.8340752362e+00,500000,max_evaluations,23.942576
atmals-gsk,cec2013,4,50,31,105242050,-1.0953908318e+03,4.6091681624e+00,500000,max_evaluations,20.636721
atmals-gsk,cec2013,4,50,32,106242087,-1.0996351233e+03,3.6487674533e-01,500000,max_evaluations,20.517348
atmals-gsk,cec2013,4,50,33,107242124,-1.0926798074e+03,7.3201926111e+00,500000,max_evaluations,20.803852
atmals-gsk,cec2013,4,50,34,108242161,-1.0995762717e+03,4.2372834198e-01,500000,max_evaluations,20.202267
atmals-gsk,cec2013,4,50,35,109242198,-1.0994838856e+03,5.1611435176e-01,500000,max_evaluations,20.095848
atmals-gsk,cec2013,4,50,36,110242235,-1.0992101979e+03,7.8980206453e-01,500000,max_evaluations,20.332081
atmals-gsk,cec2013,4,50,37,111242272,-1.0982323751e+03,1.7676248869e+00,500000,max_evaluations,20.062688
atmals-gsk,cec2013,4,50,38,112242309,-1.0978938841e+03,2.1061159471e+00,500000,max_evaluations,20.386238
atmals-gsk,cec2013,4,50,39,113242346,-1.0984737471e+03,1.5262529178e+00,500000,max_evaluations,22.142457
atmals-gsk,cec2013,4,50,40,114242383,-1.0981410265e+03,1.8589734930e+00,500000,max_evaluations,22.135285
atmals-gsk,cec2013,4,50,41,115242420,-1.0989046522e+03,1.0953477805e+00,500000,max_evaluations,20.843587
atmals-gsk,cec2013,4,50,42,116242457,-1.0926553031e+03,7.3446968730e+00,500000,max_evaluations,21.170753
atmals-gsk,cec2013,4,50,43,117242494,-1.0990792415e+03,9.2075845684e-01,500000,max_evaluations,21.918978
atmals-gsk,cec2013,4,50,44,118242531,-1.0994554764e+03,5.4452364704e-01,500000,max_evaluations,21.097405
atmals-gsk,cec2013,4,50,45,119242568,-1.0991682202e+03,8.3177983800e-01,500000,max_evaluations,21.391321
atmals-gsk,cec2013,4,50,46,120242605,-1.0976645824e+03,2.3354176303e+00,500000,max_evaluations,15.643210
atmals-gsk,cec2013,4,50,47,121242642,-1.0993122994e+03,6.8770060791e-01,500000,max_evaluations,16.183002
atmals-gsk,cec2013,4,50,48,122242679,-1.0967820667e+03,3.2179333181e+00,500000,max_evaluations,16.209378
atmals-gsk,cec2013,4,50,49,123242716,-1.0990375039e+03,9.6249614517e-01,500000,max_evaluations,16.056808
atmals-gsk,cec2013,4,50,50,124242753,-1.0993146007e+03,6.8539931168e-01,500000,max_evaluations,15.500617
atmals-gsk,cec2013,4,50,51,125242790,-1.0990429787e+03,9.5702126729e-01,500000,max_evaluations,15.667265
atmals-gsk,cec2013,5,50,1,76240973,-1.0000000000e+03,0.0000000000e+00,500000,max_evaluations,20.949152
atmals-gsk,cec2013,5,50,2,77241010,-1.0000000000e+03,0.0000000000e+00,500000,max_evaluations,20.345494
atmals-gsk,cec2013,5,50,3,78241047,-1.0000000000e+03,0.0000000000e+00,500000,max_evaluations,22.927985
atmals-gsk,cec2013,5,50,4,79241084,-1.0000000000e+03,0.0000000000e+00,500000,max_evaluations,23.178252
atmals-gsk,cec2013,5,50,5,80241121,-1.0000000000e+03,0.0000000000e+00,500000,max_evaluations,23.253044
atmals-gsk,cec2013,5,50,6,81241158,-1.0000000000e+03,0.0000000000e+00,500000,max_evaluations,22.678518
atmals-gsk,cec2013,5,50,7,82241195,-1.0000000000e+03,0.0000000000e+00,500000,max_evaluations,23.576618
atmals-gsk,cec2013,5,50,8,83241232,-1.0000000000e+03,0.0000000000e+00,500000,max_evaluations,22.720135
atmals-gsk,cec2013,5,50,9,84241269,-1.0000000000e+03,0.0000000000e+00,500000,max_evaluations,23.234228
atmals-gsk,cec2013,5,50,10,85241306,-1.0000000000e+03,0.0000000000e+00,500000,max_evaluations,20.490334
atmals-gsk,cec2013,5,50,11,86241343,-1.0000000000e+03,0.0000000000e+00,500000,max_evaluations,20.929942
atmals-gsk,cec2013,5,50,12,87241380,-1.0000000000e+03,0.0000000000e+00,500000,max_evaluations,20.626299
atmals-gsk,cec2013,5,50,13,88241417,-1.0000000000e+03,0.0000000000e+00,500000,max_evaluations,19.933853
atmals-gsk,cec2013,5,50,14,89241454,-1.0000000000e+03,0.0000000000e+00,500000,max_evaluations,20.383882
atmals-gsk,cec2013,5,50,15,90241491,-1.0000000000e+03,0.0000000000e+00,500000,max_evaluations,20.227502
atmals-gsk,cec2013,5,50,16,91241528,-1.0000000000e+03,0.0000000000e+00,500000,max_evaluations,21.047589
atmals-gsk,cec2013,5,50,17,92241565,-1.0000000000e+03,0.0000000000e+00,500000,max_evaluations,20.802290
atmals-gsk,cec2013,5,50,18,93241602,-1.0000000000e+03,0.0000000000e+00,500000,max_evaluations,20.888275
atmals-gsk,cec2013,5,50,19,94241639,-1.0000000000e+03,0.0000000000e+00,500000,max_evaluations,20.097712
atmals-gsk,cec2013,5,50,20,95241676,-1.0000000000e+03,0.0000000000e+00,500000,max_evaluations,20.214348
atmals-gsk,cec2013,5,50,21,96241713,-1.0000000000e+03,0.0000000000e+00,500000,max_evaluations,20.126402
atmals-gsk,cec2013,5,50,22,97241750,-1.0000000000e+03,0.0000000000e+00,500000,max_evaluations,20.364444
atmals-gsk,cec2013,5,50,23,98241787,-1.0000000000e+03,0.0000000000e+00,500000,max_evaluations,19.853380
atmals-gsk,cec2013,5,50,24,99241824,-1.0000000000e+03,0.0000000000e+00,500000,max_evaluations,23.900071
atmals-gsk,cec2013,5,50,25,100241861,-1.0000000000e+03,0.0000000000e+00,500000,max_evaluations,24.285159
atmals-gsk,cec2013,5,50,26,101241898,-1.0000000000e+03,0.0000000000e+00,500000,max_evaluations,23.904836
atmals-gsk,cec2013,5,50,27,102241935,-1.0000000000e+03,0.0000000000e+00,500000,max_evaluations,23.425574
atmals-gsk,cec2013,5,50,28,103241972,-1.0000000000e+03,0.0000000000e+00,500000,max_evaluations,23.456624
atmals-gsk,cec2013,5,50,29,104242009,-1.0000000000e+03,0.0000000000e+00,500000,max_evaluations,23.872031
atmals-gsk,cec2013,5,50,30,105242046,-1.0000000000e+03,0.0000000000e+00,500000,max_evaluations,24.272865
atmals-gsk,cec2013,5,50,31,106242083,-1.0000000000e+03,0.0000000000e+00,500000,max_evaluations,20.586172
atmals-gsk,cec2013,5,50,32,107242120,-1.0000000000e+03,0.0000000000e+00,500000,max_evaluations,20.464535
atmals-gsk,cec2013,5,50,33,108242157,-1.0000000000e+03,0.0000000000e+00,500000,max_evaluations,20.878103
atmals-gsk,cec2013,5,50,34,109242194,-1.0000000000e+03,0.0000000000e+00,500000,max_evaluations,20.870079
atmals-gsk,cec2013,5,50,35,110242231,-1.0000000000e+03,0.0000000000e+00,500000,max_evaluations,19.747720
atmals-gsk,cec2013,5,50,36,111242268,-1.0000000000e+03,0.0000000000e+00,500000,max_evaluations,19.753404
atmals-gsk,cec2013,5,50,37,112242305,-1.0000000000e+03,0.0000000000e+00,500000,max_evaluations,20.218942
atmals-gsk,cec2013,5,50,38,113242342,-1.0000000000e+03,0.0000000000e+00,500000,max_evaluations,19.812037
atmals-gsk,cec2013,5,50,39,114242379,-1.0000000000e+03,0.0000000000e+00,500000,max_evaluations,22.543803
atmals-gsk,cec2013,5,50,40,115242416,-1.0000000000e+03,0.0000000000e+00,500000,max_evaluations,22.374557
atmals-gsk,cec2013,5,50,41,116242453,-1.0000000000e+03,0.0000000000e+00,500000,max_evaluations,22.901866
atmals-gsk,cec2013,5,50,42,117242490,-1.0000000000e+03,0.0000000000e+00,500000,max_evaluations,22.876118
atmals-gsk,cec2013,5,50,43,118242527,-1.0000000000e+03,0.0000000000e+00,500000,max_evaluations,22.346949
atmals-gsk,cec2013,5,50,44,119242564,-1.0000000000e+03,0.0000000000e+00,500000,max_evaluations,22.620907
atmals-gsk,cec2013,5,50,45,120242601,-1.0000000000e+03,0.0000000000e+00,500000,max_evaluations,22.231655
atmals-gsk,cec2013,5,50,46,121242638,-1.0000000000e+03,0.0000000000e+00,500000,max_evaluations,16.337930
atmals-gsk,cec2013,5,50,47,122242675,-1.0000000000e+03,0.0000000000e+00,500000,max_evaluations,15.873580
atmals-gsk,cec2013,5,50,48,123242712,-1.0000000000e+03,0.0000000000e+00,500000,max_evaluations,16.445728
atmals-gsk,cec2013,5,50,49,124242749,-1.0000000000e+03,0.0000000000e+00,500000,max_evaluations,16.337696
atmals-gsk,cec2013,5,50,50,125242786,-1.0000000000e+03,0.0000000000e+00,500000,max_evaluations,16.015544
atmals-gsk,cec2013,5,50,51,126242823,-1.0000000000e+03,0.0000000000e+00,500000,max_evaluations,16.280928
atmals-gsk,cec2013,6,50,1,77241006,-8.8396064035e+02,1.6039359651e+01,500000,max_evaluations,18.364457
atmals-gsk,cec2013,6,50,2,78241043,-8.5654577583e+02,4.3454224166e+01,500000,max_evaluations,18.172722
atmals-gsk,cec2013,6,50,3,79241080,-8.5655266847e+02,4.3447331535e+01,500000,max_evaluations,20.430782
atmals-gsk,cec2013,6,50,4,80241117,-8.8072964885e+02,1.9270351148e+01,500000,max_evaluations,20.433624
atmals-gsk,cec2013,6,50,5,81241154,-8.5655266847e+02,4.3447331535e+01,500000,max_evaluations,20.526624
atmals-gsk,cec2013,6,50,6,82241191,-8.5655266847e+02,4.3447331535e+01,500000,max_evaluations,20.850073
atmals-gsk,cec2013,6,50,7,83241228,-8.5655266847e+02,4.3447331535e+01,500000,max_evaluations,20.192662
atmals-gsk,cec2013,6,50,8,84241265,-8.5655266846e+02,4.3447331542e+01,500000,max_evaluations,20.415787
atmals-gsk,cec2013,6,50,9,85241302,-8.5655266847e+02,4.3447331535e+01,500000,max_evaluations,20.445099
atmals-gsk,cec2013,6,50,10,86241339,-8.8222554916e+02,1.7774450835e+01,500000,max_evaluations,17.640964
atmals-gsk,cec2013,6,50,11,87241376,-8.8465133486e+02,1.5348665145e+01,500000,max_evaluations,18.042355
atmals-gsk,cec2013,6,50,12,88241413,-8.5655266847e+02,4.3447331535e+01,500000,max_evaluations,17.202203
atmals-gsk,cec2013,6,50,13,89241450,-8.5655266846e+02,4.3447331535e+01,500000,max_evaluations,18.357719
atmals-gsk,cec2013,6,50,14,90241487,-8.5655266847e+02,4.3447331535e+01,500000,max_evaluations,17.909741
atmals-gsk,cec2013,6,50,15,91241524,-8.8443790356e+02,1.5562096438e+01,500000,max_evaluations,18.399338
atmals-gsk,cec2013,6,50,16,92241561,-8.5655266847e+02,4.3447331535e+01,500000,max_evaluations,21.033814
atmals-gsk,cec2013,6,50,17,93241598,-8.8291700335e+02,1.7082996647e+01,500000,max_evaluations,21.989832
atmals-gsk,cec2013,6,50,18,94241635,-8.5655266847e+02,4.3447331535e+01,500000,max_evaluations,21.972796
atmals-gsk,cec2013,6,50,19,95241672,-8.5655266184e+02,4.3447338160e+01,500000,max_evaluations,21.308305
atmals-gsk,cec2013,6,50,20,96241709,-8.1686092427e+02,8.3139075729e+01,500000,max_evaluations,21.805616
atmals-gsk,cec2013,6,50,21,97241746,-8.5655266847e+02,4.3447331535e+01,500000,max_evaluations,21.974794
atmals-gsk,cec2013,6,50,22,98241783,-8.5655266458e+02,4.3447335416e+01,500000,max_evaluations,21.903398
atmals-gsk,cec2013,6,50,23,99241820,-8.5655266837e+02,4.3447331635e+01,500000,max_evaluations,21.861509
atmals-gsk,cec2013,6,50,24,100241857,-8.5648296250e+02,4.3517037498e+01,500000,max_evaluations,25.639401
atmals-gsk,cec2013,6,50,25,101241894,-8.7289139582e+02,2.7108604180e+01,500000,max_evaluations,25.159126
atmals-gsk,cec2013,6,50,26,102241931,-8.5655266847e+02,4.3447331535e+01,500000,max_evaluations,26.160105
atmals-gsk,cec2013,6,50,27,103241968,-8.5655266847e+02,4.3447331535e+01,500000,max_evaluations,25.638282
atmals-gsk,cec2013,6,50,28,104242005,-8.5655266847e+02,4.3447331535e+01,500000,max_evaluations,26.094822
atmals-gsk,cec2013,6,50,29,105242042,-8.8106833953e+02,1.8931660469e+01,500000,max_evaluations,26.455270
atmals-gsk,cec2013,6,50,30,106242079,-8.5655266846e+02,4.3447331535e+01,500000,max_evaluations,25.543601
atmals-gsk,cec2013,6,50,31,107242116,-8.5655266847e+02,4.3447331535e+01,500000,max_evaluations,21.637098
atmals-gsk,cec2013,6,50,32,108242153,-8.5655266847e+02,4.3447331535e+01,500000,max_evaluations,21.593707
atmals-gsk,cec2013,6,50,33,109242190,-8.5655266847e+02,4.3447331535e+01,500000,max_evaluations,21.207013
atmals-gsk,cec2013,6,50,34,110242227,-8.5655266847e+02,4.3447331535e+01,500000,max_evaluations,21.632643
atmals-gsk,cec2013,6,50,35,111242264,-8.5655266847e+02,4.3447331535e+01,500000,max_evaluations,21.710633
atmals-gsk,cec2013,6,50,36,112242301,-8.5655266847e+02,4.3447331535e+01,500000,max_evaluations,21.257610
atmals-gsk,cec2013,6,50,37,113242338,-8.5655266828e+02,4.3447331724e+01,500000,max_evaluations,21.564503
atmals-gsk,cec2013,6,50,38,114242375,-8.5655266847e+02,4.3447331535e+01,500000,max_evaluations,21.907264
atmals-gsk,cec2013,6,50,39,115242412,-8.5087261683e+02,4.9127383169e+01,500000,max_evaluations,23.672107
atmals-gsk,cec2013,6,50,40,116242449,-8.5655266846e+02,4.3447331535e+01,500000,max_evaluations,23.488484
atmals-gsk,cec2013,6,50,41,117242486,-8.5655266846e+02,4.3447331536e+01,500000,max_evaluations,23.011704
atmals-gsk,cec2013,6,50,42,118242523,-8.5655266847e+02,4.3447331535e+01,500000,max_evaluations,23.006835
atmals-gsk,cec2013,6,50,43,119242560,-8.5655266847e+02,4.3447331535e+01,500000,max_evaluations,22.722865
atmals-gsk,cec2013,6,50,44,120242597,-8.5655266846e+02,4.3447331537e+01,500000,max_evaluations,23.064339
atmals-gsk,cec2013,6,50,45,121242634,-8.5655266847e+02,4.3447331535e+01,500000,max_evaluations,22.604968
atmals-gsk,cec2013,6,50,46,122242671,-8.8485700595e+02,1.5142994051e+01,500000,max_evaluations,15.860465
atmals-gsk,cec2013,6,50,47,123242708,-8.5655266846e+02,4.3447331535e+01,500000,max_evaluations,16.211140
atmals-gsk,cec2013,6,50,48,124242745,-8.5655266843e+02,4.3447331569e+01,500000,max_evaluations,15.687444
atmals-gsk,cec2013,6,50,49,125242782,-8.5655266847e+02,4.3447331535e+01,500000,max_evaluations,15.479377
atmals-gsk,cec2013,6,50,50,126242819,-8.5655266847e+02,4.3447331535e+01,500000,max_evaluations,15.801416
atmals-gsk,cec2013,6,50,51,127242856,-8.1652770629e+02,8.3472293710e+01,500000,max_evaluations,15.384540
atmals-gsk,cec2013,7,50,1,78241039,-7.8785364368e+02,1.2146356318e+01,500000,max_evaluations,21.421767
atmals-gsk,cec2013,7,50,2,79241076,-7.8862830424e+02,1.1371695757e+01,500000,max_evaluations,21.211941
atmals-gsk,cec2013,7,50,3,80241113,-7.8718620124e+02,1.2813798760e+01,500000,max_evaluations,24.222443
atmals-gsk,cec2013,7,50,4,81241150,-7.6881127254e+02,3.1188727464e+01,500000,max_evaluations,24.443868
atmals-gsk,cec2013,7,50,5,82241187,-7.9416144226e+02,5.8385577433e+00,500000,max_evaluations,24.739970
atmals-gsk,cec2013,7,50,6,83241224,-7.8829474976e+02,1.1705250237e+01,500000,max_evaluations,23.701645
atmals-gsk,cec2013,7,50,7,84241261,-7.8092983865e+02,1.9070161347e+01,500000,max_evaluations,24.826458
atmals-gsk,cec2013,7,50,8,85241298,-7.8408553688e+02,1.5914463121e+01,500000,max_evaluations,23.558424
atmals-gsk,cec2013,7,50,9,86241335,-7.8876714762e+02,1.1232852382e+01,500000,max_evaluations,25.400362
atmals-gsk,cec2013,7,50,10,87241372,-7.8483399473e+02,1.5166005274e+01,500000,max_evaluations,21.224532
atmals-gsk,cec2013,7,50,11,88241409,-7.7989461867e+02,2.0105381327e+01,500000,max_evaluations,20.878332
atmals-gsk,cec2013,7,50,12,89241446,-7.8556429116e+02,1.4435708836e+01,500000,max_evaluations,21.528155
atmals-gsk,cec2013,7,50,13,90241483,-7.8692527595e+02,1.3074724048e+01,500000,max_evaluations,20.730909
atmals-gsk,cec2013,7,50,14,91241520,-7.9576665745e+02,4.2333425513e+00,500000,max_evaluations,21.263688
atmals-gsk,cec2013,7,50,15,92241557,-7.8982364480e+02,1.0176355203e+01,500000,max_evaluations,21.130846
atmals-gsk,cec2013,7,50,16,93241594,-7.9321973568e+02,6.7802643155e+00,500000,max_evaluations,22.315785
atmals-gsk,cec2013,7,50,17,94241631,-7.8566281406e+02,1.4337185943e+01,500000,max_evaluations,22.948090
atmals-gsk,cec2013,7,50,18,95241668,-7.8534003797e+02,1.4659962030e+01,500000,max_evaluations,23.506681
atmals-gsk,cec2013,7,50,19,96241705,-7.8071500953e+02,1.9284990469e+01,500000,max_evaluations,22.684177
atmals-gsk,cec2013,7,50,20,97241742,-7.7902271186e+02,2.0977288136e+01,500000,max_evaluations,22.500121
atmals-gsk,cec2013,7,50,21,98241779,-7.9300632281e+02,6.9936771903e+00,500000,max_evaluations,22.916348
atmals-gsk,cec2013,7,50,22,99241816,-7.7306552400e+02,2.6934475998e+01,500000,max_evaluations,23.122541
atmals-gsk,cec2013,7,50,23,100241853,-7.8903653301e+02,1.0963466992e+01,500000,max_evaluations,23.181632
atmals-gsk,cec2013,7,50,24,101241890,-7.7706684522e+02,2.2933154783e+01,500000,max_evaluations,27.221167
atmals-gsk,cec2013,7,50,25,102241927,-7.8595445367e+02,1.4045546331e+01,500000,max_evaluations,28.606369
atmals-gsk,cec2013,7,50,26,103241964,-7.8800144205e+02,1.1998557952e+01,500000,max_evaluations,28.355630
atmals-gsk,cec2013,7,50,27,104242001,-7.7964864664e+02,2.0351353363e+01,500000,max_evaluations,29.172725
atmals-gsk,cec2013,7,50,28,105242038,-7.7900422442e+02,2.0995775581e+01,500000,max_evaluations,27.371642
atmals-gsk,cec2013,7,50,29,106242075,-7.8749074205e+02,1.2509257954e+01,500000,max_evaluations,28.825018
atmals-gsk,cec2013,7,50,30,107242112,-7.8984086416e+02,1.0159135844e+01,500000,max_evaluations,28.583939
atmals-gsk,cec2013,7,50,31,108242149,-7.8287629208e+02,1.7123707918e+01,500000,max_evaluations,25.685363
atmals-gsk,cec2013,7,50,32,109242186,-7.9038174019e+02,9.6182598149e+00,500000,max_evaluations,25.477125
atmals-gsk,cec2013,7,50,33,110242223,-7.9749966919e+02,2.5003308140e+00,500000,max_evaluations,26.069154
atmals-gsk,cec2013,7,50,34,111242260,-7.9107414138e+02,8.9258586161e+00,500000,max_evaluations,25.101619
atmals-gsk,cec2013,7,50,35,112242297,-7.8988595290e+02,1.0114047098e+01,500000,max_evaluations,25.592691
atmals-gsk,cec2013,7,50,36,113242334,-7.7964127782e+02,2.0358722175e+01,500000,max_evaluations,25.313044
atmals-gsk,cec2013,7,50,37,114242371,-7.7858609208e+02,2.1413907915e+01,500000,max_evaluations,25.664829
atmals-gsk,cec2013,7,50,38,115242408,-7.8633515617e+02,1.3664843833e+01,500000,max_evaluations,24.925274
atmals-gsk,cec2013,7,50,39,116242445,-7.9107938546e+02,8.9206145424e+00,500000,max_evaluations,27.072053
atmals-gsk,cec2013,7,50,40,117242482,-7.8031813946e+02,1.9681860541e+01,500000,max_evaluations,26.598932
atmals-gsk,cec2013,7,50,41,118242519,-7.9275463595e+02,7.2453640489e+00,500000,max_evaluations,27.881829
atmals-gsk,cec2013,7,50,42,119242556,-7.8837489613e+02,1.1625103872e+01,500000,max_evaluations,26.588075
atmals-gsk,cec2013,7,50,43,120242593,-7.7057767821e+02,2.9422321793e+01,500000,max_evaluations,26.932296
atmals-gsk,cec2013,7,50,44,121242630,-7.8234078229e+02,1.7659217714e+01,500000,max_evaluations,26.598388
atmals-gsk,cec2013,7,50,45,122242667,-7.6767414369e+02,3.2325856307e+01,500000,max_evaluations,26.249783
atmals-gsk,cec2013,7,50,46,123242704,-7.8826707405e+02,1.1732925945e+01,500000,max_evaluations,17.972957
atmals-gsk,cec2013,7,50,47,124242741,-7.9076461922e+02,9.2353807762e+00,500000,max_evaluations,17.599370
atmals-gsk,cec2013,7,50,48,125242778,-7.8163240160e+02,1.8367598398e+01,500000,max_evaluations,18.077431
atmals-gsk,cec2013,7,50,49,126242815,-7.8585669506e+02,1.4143304944e+01,500000,max_evaluations,18.381919
atmals-gsk,cec2013,7,50,50,127242852,-7.8998326006e+02,1.0016739935e+01,500000,max_evaluations,18.240704
atmals-gsk,cec2013,7,50,51,128242889,-7.7883675985e+02,2.1163240154e+01,500000,max_evaluations,17.852809
atmals-gsk,cec2013,8,50,1,79241072,-6.7886594934e+02,2.1134050663e+01,500000,max_evaluations,19.973553
atmals-gsk,cec2013,8,50,2,80241109,-6.7883562882e+02,2.1164371178e+01,500000,max_evaluations,20.540390
atmals-gsk,cec2013,8,50,3,81241146,-6.7887811220e+02,2.1121887805e+01,500000,max_evaluations,23.564152
atmals-gsk,cec2013,8,50,4,82241183,-6.7886588180e+02,2.1134118199e+01,500000,max_evaluations,23.870897
atmals-gsk,cec2013,8,50,5,83241220,-6.7887090167e+02,2.1129098327e+01,500000,max_evaluations,23.581077
atmals-gsk,cec2013,8,50,6,84241257,-6.7892191156e+02,2.1078088436e+01,500000,max_evaluations,23.188157
atmals-gsk,cec2013,8,50,7,85241294,-6.7892136756e+02,2.1078632439e+01,500000,max_evaluations,23.080076
atmals-gsk,cec2013,8,50,8,86241331,-6.7883368157e+02,2.1166318435e+01,500000,max_evaluations,24.698210
atmals-gsk,cec2013,8,50,9,87241368,-6.7892576520e+02,2.1074234804e+01,500000,max_evaluations,23.680814
atmals-gsk,cec2013,8,50,10,88241405,-6.7887164311e+02,2.1128356891e+01,500000,max_evaluations,21.267315
atmals-gsk,cec2013,8,50,11,89241442,-6.7885925614e+02,2.1140743862e+01,500000,max_evaluations,20.766430
atmals-gsk,cec2013,8,50,12,90241479,-6.7885505270e+02,2.1144947302e+01,500000,max_evaluations,20.275462
atmals-gsk,cec2013,8,50,13,91241516,-6.7888453666e+02,2.1115463338e+01,500000,max_evaluations,20.267084
atmals-gsk,cec2013,8,50,14,92241553,-6.7884546666e+02,2.1154533335e+01,500000,max_evaluations,20.838028
atmals-gsk,cec2013,8,50,15,93241590,-6.7892447591e+02,2.1075524086e+01,500000,max_evaluations,20.405025
atmals-gsk,cec2013,8,50,16,94241627,-6.7888701224e+02,2.1112987757e+01,500000,max_evaluations,22.828021
atmals-gsk,cec2013,8,50,17,95241664,-6.7888007305e+02,2.1119926952e+01,500000,max_evaluations,23.623830
atmals-gsk,cec2013,8,50,18,96241701,-6.7890718735e+02,2.1092812653e+01,500000,max_evaluations,23.066066
atmals-gsk,cec2013,8,50,19,97241738,-6.7887827706e+02,2.1121722944e+01,500000,max_evaluations,23.590700
atmals-gsk,cec2013,8,50,20,98241775,-6.7882133193e+02,2.1178668071e+01,500000,max_evaluations,23.616990
atmals-gsk,cec2013,8,50,21,99241812,-6.7887703881e+02,2.1122961191e+01,500000,max_evaluations,24.178385
atmals-gsk,cec2013,8,50,22,100241849,-6.7884338773e+02,2.1156612270e+01,500000,max_evaluations,23.268380
atmals-gsk,cec2013,8,50,23,101241886,-6.7884112147e+02,2.1158878527e+01,500000,max_evaluations,23.436874
atmals-gsk,cec2013,8,50,24,102241923,-6.7889537601e+02,2.1104623987e+01,500000,max_evaluations,27.765564
atmals-gsk,cec2013,8,50,25,103241960,-6.7891138511e+02,2.1088614886e+01,500000,max_evaluations,27.523742
atmals-gsk,cec2013,8,50,26,104241997,-6.7885780357e+02,2.1142196434e+01,500000,max_evaluations,25.708048
atmals-gsk,cec2013,8,50,27,105242034,-6.7888270427e+02,2.1117295729e+01,500000,max_evaluations,27.016496
atmals-gsk,cec2013,8,50,28,106242071,-6.7881827617e+02,2.1181723832e+01,500000,max_evaluations,26.722932
atmals-gsk,cec2013,8,50,29,107242108,-6.7892863066e+02,2.1071369336e+01,500000,max_evaluations,26.229400
atmals-gsk,cec2013,8,50,30,108242145,-6.7884475992e+02,2.1155240076e+01,500000,max_evaluations,27.109120
atmals-gsk,cec2013,8,50,31,109242182,-6.7886381103e+02,2.1136188971e+01,500000,max_evaluations,22.414727
atmals-gsk,cec2013,8,50,32,110242219,-6.7886975469e+02,2.1130245314e+01,500000,max_evaluations,22.308640
atmals-gsk,cec2013,8,50,33,111242256,-6.7883792886e+02,2.1162071140e+01,500000,max_evaluations,22.430721
atmals-gsk,cec2013,8,50,34,112242293,-6.7895119906e+02,2.1048800938e+01,500000,max_evaluations,22.517166
atmals-gsk,cec2013,8,50,35,113242330,-6.7886826635e+02,2.1131733647e+01,500000,max_evaluations,22.973597
atmals-gsk,cec2013,8,50,36,114242367,-6.7885673509e+02,2.1143264910e+01,500000,max_evaluations,22.596212
atmals-gsk,cec2013,8,50,37,115242404,-6.7889397502e+02,2.1106024978e+01,500000,max_evaluations,23.360520
atmals-gsk,cec2013,8,50,38,116242441,-6.7885368644e+02,2.1146313559e+01,500000,max_evaluations,23.195760
atmals-gsk,cec2013,8,50,39,117242478,-6.7883223195e+02,2.1167768048e+01,500000,max_evaluations,25.764580
atmals-gsk,cec2013,8,50,40,118242515,-6.7886493214e+02,2.1135067855e+01,500000,max_evaluations,25.678421
atmals-gsk,cec2013,8,50,41,119242552,-6.7887260442e+02,2.1127395575e+01,500000,max_evaluations,26.111986
atmals-gsk,cec2013,8,50,42,120242589,-6.7884439725e+02,2.1155602747e+01,500000,max_evaluations,25.904798
atmals-gsk,cec2013,8,50,43,121242626,-6.7886593914e+02,2.1134060861e+01,500000,max_evaluations,26.310293
atmals-gsk,cec2013,8,50,44,122242663,-6.7882713934e+02,2.1172860662e+01,500000,max_evaluations,25.511476
atmals-gsk,cec2013,8,50,45,123242700,-6.7887793118e+02,2.1122068819e+01,500000,max_evaluations,24.633139
atmals-gsk,cec2013,8,50,46,124242737,-6.7886727706e+02,2.1132722938e+01,500000,max_evaluations,19.027036
atmals-gsk,cec2013,8,50,47,125242774,-6.7890158776e+02,2.1098412240e+01,500000,max_evaluations,19.014230
atmals-gsk,cec2013,8,50,48,126242811,-6.7887448290e+02,2.1125517098e+01,500000,max_evaluations,18.745551
atmals-gsk,cec2013,8,50,49,127242848,-6.7887335641e+02,2.1126643588e+01,500000,max_evaluations,18.552383
atmals-gsk,cec2013,8,50,50,128242885,-6.7892520117e+02,2.1074798832e+01,500000,max_evaluations,18.812947
atmals-gsk,cec2013,8,50,51,129242922,-6.7884626731e+02,2.1153732687e+01,500000,max_evaluations,18.210306
atmals-gsk,cec2013,9,50,1,80241105,-5.5779903487e+02,4.2200965128e+01,500000,max_evaluations,39.489501
atmals-gsk,cec2013,9,50,2,81241142,-5.6886816653e+02,3.1131833474e+01,500000,max_evaluations,38.623789
atmals-gsk,cec2013,9,50,3,82241179,-5.4004243226e+02,5.9957567744e+01,500000,max_evaluations,42.497130
atmals-gsk,cec2013,9,50,4,83241216,-5.3659650287e+02,6.3403497131e+01,500000,max_evaluations,43.592541
atmals-gsk,cec2013,9,50,5,84241253,-5.3337073244e+02,6.6629267563e+01,500000,max_evaluations,43.356939
atmals-gsk,cec2013,9,50,6,85241290,-5.3937580154e+02,6.0624198464e+01,500000,max_evaluations,43.068317
atmals-gsk,cec2013,9,50,7,86241327,-5.4107607627e+02,5.8923923727e+01,500000,max_evaluations,42.816714
atmals-gsk,cec2013,9,50,8,87241364,-5.4670524371e+02,5.3294756286e+01,500000,max_evaluations,43.206315
atmals-gsk,cec2013,9,50,9,88241401,-5.4030857016e+02,5.9691429840e+01,500000,max_evaluations,43.807194
atmals-gsk,cec2013,9,50,10,89241438,-5.4076821043e+02,5.9231789568e+01,500000,max_evaluations,39.084001
atmals-gsk,cec2013,9,50,11,90241475,-5.4439475733e+02,5.5605242667e+01,500000,max_evaluations,39.618022
atmals-gsk,cec2013,9,50,12,91241512,-5.3047949827e+02,6.9520501728e+01,500000,max_evaluations,39.043497
atmals-gsk,cec2013,9,50,13,92241549,-5.3847382237e+02,6.1526177629e+01,500000,max_evaluations,38.315509
atmals-gsk,cec2013,9,50,14,93241586,-5.6591181326e+02,3.4088186739e+01,500000,max_evaluations,39.514268
atmals-gsk,cec2013,9,50,15,94241623,-5.3388187310e+02,6.6118126898e+01,500000,max_evaluations,40.035268
atmals-gsk,cec2013,9,50,16,95241660,-5.3493269941e+02,6.5067300587e+01,500000,max_evaluations,41.437780
atmals-gsk,cec2013,9,50,17,96241697,-5.3772302394e+02,6.2276976056e+01,500000,max_evaluations,42.188431
atmals-gsk,cec2013,9,50,18,97241734,-5.3612152137e+02,6.3878478630e+01,500000,max_evaluations,41.724150
atmals-gsk,cec2013,9,50,19,98241771,-5.3425638249e+02,6.5743617509e+01,500000,max_evaluations,42.135353
atmals-gsk,cec2013,9,50,20,99241808,-5.3718201291e+02,6.2817987086e+01,500000,max_evaluations,43.500499
atmals-gsk,cec2013,9,50,21,100241845,-5.3854485747e+02,6.1455142535e+01,500000,max_evaluations,42.811040
atmals-gsk,cec2013,9,50,22,101241882,-5.3470049856e+02,6.5299501444e+01,500000,max_evaluations,42.334473
atmals-gsk,cec2013,9,50,23,102241919,-5.6854030853e+02,3.1459691470e+01,500000,max_evaluations,41.914171
atmals-gsk,cec2013,9,50,24,103241956,-5.4069897065e+02,5.9301029348e+01,500000,max_evaluations,45.677324
atmals-gsk,cec2013,9,50,25,104241993,-5.4393815572e+02,5.6061844280e+01,500000,max_evaluations,45.459369
atmals-gsk,cec2013,9,50,26,105242030,-5.3979297425e+02,6.0207025749e+01,500000,max_evaluations,46.226552
atmals-gsk,cec2013,9,50,27,106242067,-5.4241779275e+02,5.7582207254e+01,500000,max_evaluations,45.337341
atmals-gsk,cec2013,9,50,28,107242104,-5.3830567778e+02,6.1694322218e+01,500000,max_evaluations,46.811399
atmals-gsk,cec2013,9,50,29,108242141,-5.4340209536e+02,5.6597904640e+01,500000,max_evaluations,46.172847
atmals-gsk,cec2013,9,50,30,109242178,-5.4323931774e+02,5.6760682264e+01,500000,max_evaluations,45.021678
atmals-gsk,cec2013,9,50,31,110242215,-5.4614934138e+02,5.3850658624e+01,500000,max_evaluations,41.779592
atmals-gsk,cec2013,9,50,32,111242252,-5.4305457097e+02,5.6945429026e+01,500000,max_evaluations,41.846393
atmals-gsk,cec2013,9,50,33,112242289,-5.3376439242e+02,6.6235607576e+01,500000,max_evaluations,42.269966
atmals-gsk,cec2013,9,50,34,113242326,-5.3805576567e+02,6.1944234325e+01,500000,max_evaluations,41.626913
atmals-gsk,cec2013,9,50,35,114242363,-5.3593397308e+02,6.4066026922e+01,500000,max_evaluations,43.128341
atmals-gsk,cec2013,9,50,36,115242400,-5.3799758056e+02,6.2002419442e+01,500000,max_evaluations,41.347378
atmals-gsk,cec2013,9,50,37,116242437,-5.3855070438e+02,6.1449295625e+01,500000,max_evaluations,41.790796
atmals-gsk,cec2013,9,50,38,117242474,-5.4045255531e+02,5.9547444689e+01,500000,max_evaluations,43.380070
atmals-gsk,cec2013,9,50,39,118242511,-5.3587320469e+02,6.4126795311e+01,500000,max_evaluations,45.397150
atmals-gsk,cec2013,9,50,40,119242548,-5.3456552975e+02,6.5434470247e+01,500000,max_evaluations,44.891734
atmals-gsk,cec2013,9,50,41,120242585,-5.4095201714e+02,5.9047982863e+01,500000,max_evaluations,43.553543
atmals-gsk,cec2013,9,50,42,121242622,-5.3809280147e+02,6.1907198531e+01,500000,max_evaluations,44.948021
atmals-gsk,cec2013,9,50,43,122242659,-5.4177664419e+02,5.8223355812e+01,500000,max_evaluations,45.380367
atmals-gsk,cec2013,9,50,44,123242696,-5.4364159367e+02,5.6358406329e+01,500000,max_evaluations,44.511071
atmals-gsk,cec2013,9,50,45,124242733,-5.4403489077e+02,5.5965109226e+01,500000,max_evaluations,44.449785
atmals-gsk,cec2013,9,50,46,125242770,-5.4308896836e+02,5.6911031640e+01,500000,max_evaluations,32.219394
atmals-gsk,cec2013,9,50,47,126242807,-5.3676083250e+02,6.3239167502e+01,500000,max_evaluations,31.509501
atmals-gsk,cec2013,9,50,48,127242844,-5.3727739059e+02,6.2722609411e+01,500000,max_evaluations,32.358928
atmals-gsk,cec2013,9,50,49,128242881,-5.3524166701e+02,6.4758332987e+01,500000,max_evaluations,32.082748
atmals-gsk,cec2013,9,50,50,129242918,-5.3409146403e+02,6.5908535974e+01,500000,max_evaluations,32.293012
atmals-gsk,cec2013,9,50,51,130242955,-5.3979643141e+02,6.0203568592e+01,500000,max_evaluations,31.264825
atmals-gsk,cec2013,10,50,1,81241138,-4.9991374074e+02,8.6259263137e-02,500000,max_evaluations,21.275154
atmals-gsk,cec2013,10,50,2,82241175,-4.9989650467e+02,1.0349533303e-01,500000,max_evaluations,21.123839
atmals-gsk,cec2013,10,50,3,83241212,-4.9991129430e+02,8.8705703133e-02,500000,max_evaluations,23.464204
atmals-gsk,cec2013,10,50,4,84241249,-4.9985475188e+02,1.4524812192e-01,500000,max_evaluations,24.315822
atmals-gsk,cec2013,10,50,5,85241286,-4.9978583177e+02,2.1416823167e-01,500000,max_evaluations,23.675168
atmals-gsk,cec2013,10,50,6,86241323,-4.9992856723e+02,7.1432765607e-02,500000,max_evaluations,23.844313
atmals-gsk,cec2013,10,50,7,87241360,-4.9996797918e+02,3.2020815482e-02,500000,max_evaluations,23.744912
atmals-gsk,cec2013,10,50,8,88241397,-4.9983735598e+02,1.6264401536e-01,500000,max_evaluations,23.310415
atmals-gsk,cec2013,10,50,9,89241434,-4.9982769266e+02,1.7230733935e-01,500000,max_evaluations,23.719515
atmals-gsk,cec2013,10,50,10,90241471,-4.9978562303e+02,2.1437697273e-01,500000,max_evaluations,21.591316
atmals-gsk,cec2013,10,50,11,91241508,-4.9995069388e+02,4.9306117420e-02,500000,max_evaluations,20.777695
atmals-gsk,cec2013,10,50,12,92241545,-4.9994823509e+02,5.1764905078e-02,500000,max_evaluations,20.648357
atmals-gsk,cec2013,10,50,13,93241582,-4.9995074798e+02,4.9252023579e-02,500000,max_evaluations,20.939273
atmals-gsk,cec2013,10,50,14,94241619,-4.9986214794e+02,1.3785205707e-01,500000,max_evaluations,21.150298
atmals-gsk,cec2013,10,50,15,95241656,-4.9994090542e+02,5.9094575228e-02,500000,max_evaluations,20.970453
atmals-gsk,cec2013,10,50,16,96241693,-4.9995317726e+02,4.6822739737e-02,500000,max_evaluations,20.167254
atmals-gsk,cec2013,10,50,17,97241730,-4.9984986603e+02,1.5013397362e-01,500000,max_evaluations,19.946860
atmals-gsk,cec2013,10,50,18,98241767,-4.9993841472e+02,6.1585279210e-02,500000,max_evaluations,20.339812
atmals-gsk,cec2013,10,50,19,99241804,-4.9992123752e+02,7.8762482692e-02,500000,max_evaluations,20.095503
atmals-gsk,cec2013,10,50,20,100241841,-4.9994333475e+02,5.6665248185e-02,500000,max_evaluations,19.878396
atmals-gsk,cec2013,10,50,21,101241878,-4.9993597313e+02,6.4026866751e-02,500000,max_evaluations,20.203193
atmals-gsk,cec2013,10,50,22,102241915,-4.9987924144e+02,1.2075856147e-01,500000,max_evaluations,20.293238
atmals-gsk,cec2013,10,50,23,103241952,-4.9985723529e+02,1.4276471091e-01,500000,max_evaluations,20.062192
atmals-gsk,cec2013,10,50,24,104241989,-4.9983013435e+02,1.6986565103e-01,500000,max_evaluations,24.562553
atmals-gsk,cec2013,10,50,25,105242026,-4.9989407539e+02,1.0592461393e-01,500000,max_evaluations,23.313968
atmals-gsk,cec2013,10,50,26,106242063,-4.9977333896e+02,2.2666104314e-01,500000,max_evaluations,24.665681
atmals-gsk,cec2013,10,50,27,107242100,-4.9985715161e+02,1.4284839204e-01,500000,max_evaluations,23.204316
atmals-gsk,cec2013,10,50,28,108242137,-4.9993597313e+02,6.4026866751e-02,500000,max_evaluations,24.105624
atmals-gsk,cec2013,10,50,29,109242174,-4.9991867058e+02,8.1329416893e-02,500000,max_evaluations,23.515969
atmals-gsk,cec2013,10,50,30,110242211,-4.9978809180e+02,2.1190820259e-01,500000,max_evaluations,24.730550
atmals-gsk,cec2013,10,50,31,111242248,-4.9996797918e+02,3.2020815482e-02,500000,max_evaluations,22.701250
atmals-gsk,cec2013,10,50,32,112242285,-4.9989905445e+02,1.0094555043e-01,500000,max_evaluations,22.479773
atmals-gsk,cec2013,10,50,33,113242322,-4.9997043553e+02,2.9564466177e-02,500000,max_evaluations,22.066374
atmals-gsk,cec2013,10,50,34,114242359,-4.9982996232e+02,1.7003767854e-01,500000,max_evaluations,22.622646
atmals-gsk,cec2013,10,50,35,115242396,-4.9992358080e+02,7.6419196759e-02,500000,max_evaluations,22.843983
atmals-gsk,cec2013,10,50,36,116242433,-4.9979794892e+02,2.0205107905e-01,500000,max_evaluations,22.880837
atmals-gsk,cec2013,10,50,37,117242470,-4.9992855991e+02,7.1440095000e-02,500000,max_evaluations,22.690048
atmals-gsk,cec2013,10,50,38,118242507,-4.9975857144e+02,2.4142856408e-01,500000,max_evaluations,22.959546
atmals-gsk,cec2013,10,50,39,119242544,-4.9977105720e+02,2.2894279962e-01,500000,max_evaluations,24.552345
atmals-gsk,cec2013,10,50,40,120242581,-4.9993106781e+02,6.8932194167e-02,500000,max_evaluations,24.650282
atmals-gsk,cec2013,10,50,41,121242618,-4.9997535555e+02,2.4644448695e-02,500000,max_evaluations,24.662682
atmals-gsk,cec2013,10,50,42,122242655,-4.9989903964e+02,1.0096036022e-01,500000,max_evaluations,24.179678
atmals-gsk,cec2013,10,50,43,123242692,-4.9996795458e+02,3.2045416436e-02,500000,max_evaluations,24.604847
atmals-gsk,cec2013,10,50,44,124242729,-4.9978558120e+02,2.1441879771e-01,500000,max_evaluations,24.511584
atmals-gsk,cec2013,10,50,45,125242766,-4.9983735598e+02,1.6264401536e-01,500000,max_evaluations,24.062677
atmals-gsk,cec2013,10,50,46,126242803,-4.9986947518e+02,1.3052481743e-01,500000,max_evaluations,16.309245
atmals-gsk,cec2013,10,50,47,127242840,-4.9976089492e+02,2.3910508150e-01,500000,max_evaluations,16.001980
atmals-gsk,cec2013,10,50,48,128242877,-4.9995565820e+02,4.4341803473e-02,500000,max_evaluations,16.050320
atmals-gsk,cec2013,10,50,49,129242914,-4.9996305422e+02,3.6945782214e-02,500000,max_evaluations,15.737794
atmals-gsk,cec2013,10,50,50,130242951,-4.9998276389e+02,1.7236111918e-02,500000,max_evaluations,15.479727
atmals-gsk,cec2013,10,50,51,131242988,-4.9971656288e+02,2.8343711796e-01,500000,max_evaluations,15.695065
atmals-gsk,cec2013,11,50,1,82241171,-3.9993683394e+02,6.3166063372e-02,500000,max_evaluations,18.986876
atmals-gsk,cec2013,11,50,2,83241208,-3.9991966347e+02,8.0336529956e-02,500000,max_evaluations,19.550332
atmals-gsk,cec2013,11,50,3,84241245,-3.9895930805e+02,1.0406919451e+00,500000,max_evaluations,20.328947
atmals-gsk,cec2013,11,50,4,85241282,-3.9994157773e+02,5.8422272275e-02,500000,max_evaluations,20.179086
atmals-gsk,cec2013,11,50,5,86241319,-3.9888499491e+02,1.1150050900e+00,500000,max_evaluations,20.772826
atmals-gsk,cec2013,11,50,6,87241356,-3.9894267920e+02,1.0573207967e+00,500000,max_evaluations,20.590327
atmals-gsk,cec2013,11,50,7,88241393,-3.9995659877e+02,4.3401232394e-02,500000,max_evaluations,19.806829
atmals-gsk,cec2013,11,50,8,89241430,-3.9997179053e+02,2.8209472386e-02,500000,max_evaluations,20.750546
atmals-gsk,cec2013,11,50,9,90241467,-3.9892700363e+02,1.0729963714e+00,500000,max_evaluations,20.289090
atmals-gsk,cec2013,11,50,10,91241504,-3.9997723026e+02,2.2769738918e-02,500000,max_evaluations,19.830976
atmals-gsk,cec2013,11,50,11,92241541,-3.9988952644e+02,1.1047356210e-01,500000,max_evaluations,19.306135
atmals-gsk,cec2013,11,50,12,93241578,-3.9990689276e+02,9.3107239268e-02,500000,max_evaluations,19.489685
atmals-gsk,cec2013,11,50,13,94241615,-3.9984907737e+02,1.5092262518e-01,500000,max_evaluations,18.602529
atmals-gsk,cec2013,11,50,14,95241652,-3.9995285448e+02,4.7145521667e-02,500000,max_evaluations,18.786427
atmals-gsk,cec2013,11,50,15,96241689,-3.9996977990e+02,3.0220098949e-02,500000,max_evaluations,18.822176
atmals-gsk,cec2013,11,50,16,97241726,-3.9996807267e+02,3.1927325171e-02,500000,max_evaluations,21.792522
atmals-gsk,cec2013,11,50,17,98241763,-3.9896214388e+02,1.0378561156e+00,500000,max_evaluations,22.601358
atmals-gsk,cec2013,11,50,18,99241800,-3.9996790082e+02,3.2099182442e-02,500000,max_evaluations,21.751854
atmals-gsk,cec2013,11,50,19,100241837,-3.9994279237e+02,5.7207631883e-02,500000,max_evaluations,21.756071
atmals-gsk,cec2013,11,50,20,101241874,-3.9893247763e+02,1.0675223682e+00,500000,max_evaluations,21.318018
atmals-gsk,cec2013,11,50,21,102241911,-3.9999267194e+02,7.3280645891e-03,500000,max_evaluations,21.607904
atmals-gsk,cec2013,11,50,22,103241948,-3.9896663845e+02,1.0333615502e+00,500000,max_evaluations,22.245560
atmals-gsk,cec2013,11,50,23,104241985,-3.9995591263e+02,4.4087368030e-02,500000,max_evaluations,22.762957
atmals-gsk,cec2013,11,50,24,105242022,-3.9982057820e+02,1.7942180049e-01,500000,max_evaluations,21.994505
atmals-gsk,cec2013,11,50,25,106242059,-3.9986318966e+02,1.3681033624e-01,500000,max_evaluations,23.603501
atmals-gsk,cec2013,11,50,26,107242096,-3.9896449021e+02,1.0355097876e+00,500000,max_evaluations,23.660962
atmals-gsk,cec2013,11,50,27,108242133,-3.9989719387e+02,1.0280613106e-01,500000,max_evaluations,23.287869
atmals-gsk,cec2013,11,50,28,109242170,-3.9991691113e+02,8.3088869271e-02,500000,max_evaluations,24.014708
atmals-gsk,cec2013,11,50,29,110242207,-3.9899080367e+02,1.0091963308e+00,500000,max_evaluations,23.221634
atmals-gsk,cec2013,11,50,30,111242244,-3.9797342175e+02,2.0265782485e+00,500000,max_evaluations,23.646230
atmals-gsk,cec2013,11,50,31,112242281,-3.9984424720e+02,1.5575280086e-01,500000,max_evaluations,22.076310
atmals-gsk,cec2013,11,50,32,113242318,-3.9997438076e+02,2.5619243859e-02,500000,max_evaluations,21.138975
atmals-gsk,cec2013,11,50,33,114242355,-3.9888542109e+02,1.1145789079e+00,500000,max_evaluations,21.428322
atmals-gsk,cec2013,11,50,34,115242392,-3.9999299338e+02,7.0066196349e-03,500000,max_evaluations,21.420591
atmals-gsk,cec2013,11,50,35,116242429,-3.9992530823e+02,7.4691765211e-02,500000,max_evaluations,22.328480
atmals-gsk,cec2013,11,50,36,117242466,-3.9894478695e+02,1.0552130476e+00,500000,max_evaluations,21.353679
atmals-gsk,cec2013,11,50,37,118242503,-3.9988791332e+02,1.1208667848e-01,500000,max_evaluations,21.855049
atmals-gsk,cec2013,11,50,38,119242540,-3.9990544488e+02,9.4555124531e-02,500000,max_evaluations,21.811241
atmals-gsk,cec2013,11,50,39,120242577,-3.9900050290e+02,9.9949710452e-01,500000,max_evaluations,23.229554
atmals-gsk,cec2013,11,50,40,121242614,-3.9994854175e+02,5.1458245355e-02,500000,max_evaluations,23.142991
atmals-gsk,cec2013,11,50,41,122242651,-3.9996450224e+02,3.5497756429e-02,500000,max_evaluations,23.167229
atmals-gsk,cec2013,11,50,42,123242688,-3.9992325112e+02,7.6748884551e-02,500000,max_evaluations,23.526711
atmals-gsk,cec2013,11,50,43,124242725,-3.9992864405e+02,7.1355952414e-02,500000,max_evaluations,22.811965
atmals-gsk,cec2013,11,50,44,125242762,-3.9997985281e+02,2.0147190302e-02,500000,max_evaluations,23.358079
atmals-gsk,cec2013,11,50,45,126242799,-3.9895408185e+02,1.0459181545e+00,500000,max_evaluations,23.077037
atmals-gsk,cec2013,11,50,46,127242836,-3.9895340915e+02,1.0465908475e+00,500000,max_evaluations,15.987497
atmals-gsk,cec2013,11,50,47,128242873,-3.9992069811e+02,7.9301892452e-02,500000,max_evaluations,15.723620
atmals-gsk,cec2013,11,50,48,129242910,-3.9990294565e+02,9.7054354504e-02,500000,max_evaluations,15.773103
atmals-gsk,cec2013,11,50,49,130242947,-3.9996384783e+02,3.6152170167e-02,500000,max_evaluations,14.944759
atmals-gsk,cec2013,11,50,50,131242984,-3.9996298773e+02,3.7012267270e-02,500000,max_evaluations,15.577472
atmals-gsk,cec2013,11,50,51,132243021,-3.9998199158e+02,1.8008419718e-02,500000,max_evaluations,14.859388
atmals-gsk,cec2013,12,50,1,83241204,-1.7788928077e+02,1.2211071923e+02,500000,max_evaluations,20.559193
atmals-gsk,cec2013,12,50,2,84241241,-1.7286309139e+02,1.2713690861e+02,500000,max_evaluations,20.499444
atmals-gsk,cec2013,12,50,3,85241278,-1.3049785835e+02,1.6950214165e+02,500000,max_evaluations,22.665733
atmals-gsk,cec2013,12,50,4,86241315,-1.7691073854e+02,1.2308926146e+02,500000,max_evaluations,23.860095
atmals-gsk,cec2013,12,50,5,87241352,-1.7882666022e+02,1.2117333978e+02,500000,max_evaluations,23.684946
atmals-gsk,cec2013,12,50,6,88241389,-1.6078937823e+02,1.3921062177e+02,500000,max_evaluations,23.501121
atmals-gsk,cec2013,12,50,7,89241426,-1.6103817681e+02,1.3896182319e+02,500000,max_evaluations,22.982631
atmals-gsk,cec2013,12,50,8,90241463,-9.7377304548e+01,2.0262269545e+02,500000,max_evaluations,23.510040
atmals-gsk,cec2013,12,50,9,91241500,-1.9254466918e+02,1.0745533082e+02,500000,max_evaluations,23.008920
atmals-gsk,cec2013,12,50,10,92241537,-1.1500565119e+02,1.8499434881e+02,500000,max_evaluations,20.032110
atmals-gsk,cec2013,12,50,11,93241574,-1.5421565694e+02,1.4578434306e+02,500000,max_evaluations,20.391558
atmals-gsk,cec2013,12,50,12,94241611,-1.1805388096e+02,1.8194611904e+02,500000,max_evaluations,20.873590
atmals-gsk,cec2013,12,50,13,95241648,-1.7041316478e+02,1.2958683522e+02,500000,max_evaluations,20.802330
atmals-gsk,cec2013,12,50,14,96241685,-1.6774715526e+02,1.3225284474e+02,500000,max_evaluations,20.037769
atmals-gsk,cec2013,12,50,15,97241722,-1.2508376388e+02,1.7491623612e+02,500000,max_evaluations,20.786868
atmals-gsk,cec2013,12,50,16,98241759,-5.7204715744e+01,2.4279528426e+02,500000,max_evaluations,22.601951
atmals-gsk,cec2013,12,50,17,99241796,-2.1581677543e+02,8.4183224573e+01,500000,max_evaluations,23.387134
atmals-gsk,cec2013,12,50,18,100241833,-1.0130378376e+02,1.9869621624e+02,500000,max_evaluations,23.918847
atmals-gsk,cec2013,12,50,19,101241870,-1.6819428236e+02,1.3180571764e+02,500000,max_evaluations,22.781895
atmals-gsk,cec2013,12,50,20,102241907,-1.1308670673e+02,1.8691329327e+02,500000,max_evaluations,22.836928
atmals-gsk,cec2013,12,50,21,103241944,-1.5905312066e+02,1.4094687934e+02,500000,max_evaluations,22.824915
atmals-gsk,cec2013,12,50,22,104241981,-1.3081215177e+02,1.6918784823e+02,500000,max_evaluations,23.536681
atmals-gsk,cec2013,12,50,23,105242018,-1.4581957944e+02,1.5418042056e+02,500000,max_evaluations,23.590990
atmals-gsk,cec2013,12,50,24,106242055,-1.0456298980e+02,1.9543701020e+02,500000,max_evaluations,26.361828
atmals-gsk,cec2013,12,50,25,107242092,-1.7562550128e+02,1.2437449872e+02,500000,max_evaluations,27.217524
atmals-gsk,cec2013,12,50,26,108242129,-2.0448412550e+02,9.5515874496e+01,500000,max_evaluations,26.594131
atmals-gsk,cec2013,12,50,27,109242166,-1.8122725829e+02,1.1877274171e+02,500000,max_evaluations,27.477372
atmals-gsk,cec2013,12,50,28,110242203,-1.5998000992e+02,1.4001999008e+02,500000,max_evaluations,26.081541
atmals-gsk,cec2013,12,50,29,111242240,-1.4834317149e+02,1.5165682851e+02,500000,max_evaluations,26.715649
atmals-gsk,cec2013,12,50,30,112242277,-1.7709695136e+02,1.2290304864e+02,500000,max_evaluations,26.172955
atmals-gsk,cec2013,12,50,31,113242314,-1.4302059848e+02,1.5697940152e+02,500000,max_evaluations,22.688548
atmals-gsk,cec2013,12,50,32,114242351,-1.5657524570e+02,1.4342475430e+02,500000,max_evaluations,22.392249
atmals-gsk,cec2013,12,50,33,115242388,-8.1282129746e+01,2.1871787025e+02,500000,max_evaluations,22.442771
atmals-gsk,cec2013,12,50,34,116242425,-1.2921810176e+02,1.7078189824e+02,500000,max_evaluations,22.092935
atmals-gsk,cec2013,12,50,35,117242462,-1.4667808966e+02,1.5332191034e+02,500000,max_evaluations,22.995371
atmals-gsk,cec2013,12,50,36,118242499,-1.6691832843e+02,1.3308167157e+02,500000,max_evaluations,23.187110
atmals-gsk,cec2013,12,50,37,119242536,-1.9417032671e+02,1.0582967329e+02,500000,max_evaluations,22.560134
atmals-gsk,cec2013,12,50,38,120242573,-1.5714269791e+02,1.4285730209e+02,500000,max_evaluations,22.713788
atmals-gsk,cec2013,12,50,39,121242610,-1.0303342557e+02,1.9696657443e+02,500000,max_evaluations,25.557805
atmals-gsk,cec2013,12,50,40,122242647,-7.6057318154e+01,2.2394268185e+02,500000,max_evaluations,25.847797
atmals-gsk,cec2013,12,50,41,123242684,-1.5366312198e+02,1.4633687802e+02,500000,max_evaluations,25.656376
atmals-gsk,cec2013,12,50,42,124242721,-9.6096414092e+01,2.0390358591e+02,500000,max_evaluations,25.929508
atmals-gsk,cec2013,12,50,43,125242758,-2.0846603880e+02,9.1533961197e+01,500000,max_evaluations,25.172255
atmals-gsk,cec2013,12,50,44,126242795,-1.4919813080e+02,1.5080186920e+02,500000,max_evaluations,25.579693
atmals-gsk,cec2013,12,50,45,127242832,-1.1863518982e+02,1.8136481018e+02,500000,max_evaluations,25.059905
atmals-gsk,cec2013,12,50,46,128242869,-1.8837578321e+02,1.1162421679e+02,500000,max_evaluations,18.497310
atmals-gsk,cec2013,12,50,47,129242906,-1.7961015579e+02,1.2038984421e+02,500000,max_evaluations,17.852517
atmals-gsk,cec2013,12,50,48,130242943,-1.5437368780e+02,1.4562631220e+02,500000,max_evaluations,18.359842
atmals-gsk,cec2013,12,50,49,131242980,-1.3467018879e+02,1.6532981121e+02,500000,max_evaluations,18.447694
atmals-gsk,cec2013,12,50,50,132243017,-1.6162292767e+02,1.3837707233e+02,500000,max_evaluations,17.787556
atmals-gsk,cec2013,12,50,51,133243054,-1.4199037683e+02,1.5800962317e+02,500000,max_evaluations,17.473574
atmals-gsk,cec2013,13,50,1,84241237,2.7042871042e+00,2.0270428710e+02,500000,max_evaluations,20.097888
atmals-gsk,cec2013,13,50,2,85241274,7.9436813797e+01,2.7943681380e+02,500000,max_evaluations,21.323283
atmals-gsk,cec2013,13,50,3,86241311,-3.3698252435e+01,1.6630174757e+02,500000,max_evaluations,22.858694
atmals-gsk,cec2013,13,50,4,87241348,1.0233976909e+02,3.0233976909e+02,500000,max_evaluations,22.332665
atmals-gsk,cec2013,13,50,5,88241385,7.0251933067e+01,2.7025193307e+02,500000,max_evaluations,23.492057
atmals-gsk,cec2013,13,50,6,89241422,-3.8879874257e+01,1.6112012574e+02,500000,max_evaluations,23.368970
atmals-gsk,cec2013,13,50,7,90241459,7.9947639526e+01,2.7994763953e+02,500000,max_evaluations,22.882514
atmals-gsk,cec2013,13,50,8,91241496,9.0365399910e+01,2.9036539991e+02,500000,max_evaluations,23.931292
atmals-gsk,cec2013,13,50,9,92241533,-1.8485259484e+01,1.8151474052e+02,500000,max_evaluations,22.861875
atmals-gsk,cec2013,13,50,10,93241570,-1.1818746258e+01,1.8818125374e+02,500000,max_evaluations,21.337271
atmals-gsk,cec2013,13,50,11,94241607,5.8273692204e+01,2.5827369220e+02,500000,max_evaluations,21.285437
atmals-gsk,cec2013,13,50,12,95241644,4.7283718064e+01,2.4728371806e+02,500000,max_evaluations,20.915573
atmals-gsk,cec2013,13,50,13,96241681,1.1649432786e+02,3.1649432786e+02,500000,max_evaluations,20.320339
atmals-gsk,cec2013,13,50,14,97241718,3.9989200504e+01,2.3998920050e+02,500000,max_evaluations,21.735286
atmals-gsk,cec2013,13,50,15,98241755,-2.0557300542e+01,1.7944269946e+02,500000,max_evaluations,21.224834
atmals-gsk,cec2013,13,50,16,99241792,-7.5174941044e+00,1.9248250590e+02,500000,max_evaluations,22.378667
atmals-gsk,cec2013,13,50,17,100241829,1.1314384522e+02,3.1314384522e+02,500000,max_evaluations,23.597894
atmals-gsk,cec2013,13,50,18,101241866,9.7537885253e+01,2.9753788525e+02,500000,max_evaluations,22.830284
atmals-gsk,cec2013,13,50,19,102241903,1.4398154899e+01,2.1439815490e+02,500000,max_evaluations,23.279383
atmals-gsk,cec2013,13,50,20,103241940,1.7635460567e+01,2.1763546057e+02,500000,max_evaluations,23.568366
atmals-gsk,cec2013,13,50,21,104241977,1.0415941935e+02,3.0415941935e+02,500000,max_evaluations,23.017251
atmals-gsk,cec2013,13,50,22,105242014,9.7143932946e+01,2.9714393295e+02,500000,max_evaluations,23.528299
atmals-gsk,cec2013,13,50,23,106242051,-6.8047166696e+01,1.3195283330e+02,500000,max_evaluations,23.165869
atmals-gsk,cec2013,13,50,24,107242088,5.3630157163e+01,2.5363015716e+02,500000,max_evaluations,25.351734
atmals-gsk,cec2013,13,50,25,108242125,2.0123703593e+01,2.2012370359e+02,500000,max_evaluations,25.882745
atmals-gsk,cec2013,13,50,26,109242162,3.0002398241e+01,2.3000239824e+02,500000,max_evaluations,26.034718
atmals-gsk,cec2013,13,50,27,110242199,-2.4819331783e+01,1.7518066822e+02,500000,max_evaluations,25.155726
atmals-gsk,cec2013,13,50,28,111242236,1.1886797012e+01,2.1188679701e+02,500000,max_evaluations,26.104607
atmals-gsk,cec2013,13,50,29,112242273,1.0785421350e+02,3.0785421350e+02,500000,max_evaluations,25.346316
atmals-gsk,cec2013,13,50,30,113242310,6.2323018080e+01,2.6232301808e+02,500000,max_evaluations,27.412002
atmals-gsk,cec2013,13,50,31,114242347,8.3662538843e+01,2.8366253884e+02,500000,max_evaluations,24.123120
atmals-gsk,cec2013,13,50,32,115242384,4.5365476390e+01,2.4536547639e+02,500000,max_evaluations,23.256914
atmals-gsk,cec2013,13,50,33,116242421,3.3432314739e+01,2.3343231474e+02,500000,max_evaluations,23.124172
atmals-gsk,cec2013,13,50,34,117242458,3.7574303226e+01,2.3757430323e+02,500000,max_evaluations,23.791547
atmals-gsk,cec2013,13,50,35,118242495,7.7569054746e+01,2.7756905475e+02,500000,max_evaluations,23.506295
atmals-gsk,cec2013,13,50,36,119242532,8.9888339557e+01,2.8988833956e+02,500000,max_evaluations,22.804284
atmals-gsk,cec2013,13,50,37,120242569,9.7209615580e+01,2.9720961558e+02,500000,max_evaluations,23.833041
atmals-gsk,cec2013,13,50,38,121242606,1.2531847755e+02,3.2531847755e+02,500000,max_evaluations,23.470779
atmals-gsk,cec2013,13,50,39,122242643,1.3463901158e+02,3.3463901158e+02,500000,max_evaluations,25.072945
atmals-gsk,cec2013,13,50,40,123242680,7.9765589826e+01,2.7976558983e+02,500000,max_evaluations,25.186239
atmals-gsk,cec2013,13,50,41,124242717,6.1822389439e+01,2.6182238944e+02,500000,max_evaluations,25.991190
atmals-gsk,cec2013,13,50,42,125242754,3.2999995237e+01,2.3299999524e+02,500000,max_evaluations,24.962252
atmals-gsk,cec2013,13,50,43,126242791,1.9501011890e+01,2.1950101189e+02,500000,max_evaluations,25.620473
atmals-gsk,cec2013,13,50,44,127242828,6.7813911679e+01,2.6781391168e+02,500000,max_evaluations,24.615361
atmals-gsk,cec2013,13,50,45,128242865,4.6990902345e+01,2.4699090234e+02,500000,max_evaluations,23.744336
atmals-gsk,cec2013,13,50,46,129242902,1.1035599052e+02,3.1035599052e+02,500000,max_evaluations,16.909277
atmals-gsk,cec2013,13,50,47,130242939,4.2488612316e+01,2.4248861232e+02,500000,max_evaluations,16.520551
atmals-gsk,cec2013,13,50,48,131242976,4.1095421960e+01,2.4109542196e+02,500000,max_evaluations,16.880096
atmals-gsk,cec2013,13,50,49,132243013,1.1041836269e+02,3.1041836269e+02,500000,max_evaluations,16.569276
atmals-gsk,cec2013,13,50,50,133243050,3.4102137213e+01,2.3410213721e+02,500000,max_evaluations,16.372734
atmals-gsk,cec2013,13,50,51,134243087,7.7432674518e+01,2.7743267452e+02,500000,max_evaluations,16.314521
atmals-gsk,cec2013,14,50,1,85241270,1.6233528295e+03,1.7233528295e+03,500000,max_evaluations,19.133913
atmals-gsk,cec2013,14,50,2,86241307,1.6706724159e+03,1.7706724159e+03,500000,max_evaluations,18.622703
atmals-gsk,cec2013,14,50,3,87241344,1.5025466115e+03,1.6025466115e+03,500000,max_evaluations,21.208070
atmals-gsk,cec2013,14,50,4,88241381,1.3868100335e+03,1.4868100335e+03,500000,max_evaluations,20.836486
atmals-gsk,cec2013,14,50,5,89241418,1.7420744475e+03,1.8420744475e+03,500000,max_evaluations,21.391148
atmals-gsk,cec2013,14,50,6,90241455,1.3968502095e+03,1.4968502095e+03,500000,max_evaluations,20.840336
atmals-gsk,cec2013,14,50,7,91241492,1.0911244443e+03,1.1911244443e+03,500000,max_evaluations,21.192734
atmals-gsk,cec2013,14,50,8,92241529,1.2335568246e+03,1.3335568246e+03,500000,max_evaluations,20.419308
atmals-gsk,cec2013,14,50,9,93241566,1.5608100998e+03,1.6608100998e+03,500000,max_evaluations,20.652909
atmals-gsk,cec2013,14,50,10,94241603,2.1365009133e+03,2.2365009133e+03,500000,max_evaluations,20.149401
atmals-gsk,cec2013,14,50,11,95241640,2.1376241463e+03,2.2376241463e+03,500000,max_evaluations,18.935976
atmals-gsk,cec2013,14,50,12,96241677,1.2806966962e+03,1.3806966962e+03,500000,max_evaluations,19.148404
atmals-gsk,cec2013,14,50,13,97241714,1.3969759885e+03,1.4969759885e+03,500000,max_evaluations,19.076949
atmals-gsk,cec2013,14,50,14,98241751,1.0459030902e+03,1.1459030902e+03,500000,max_evaluations,19.388410
atmals-gsk,cec2013,14,50,15,99241788,1.6617149811e+03,1.7617149811e+03,500000,max_evaluations,19.653947
atmals-gsk,cec2013,14,50,16,100241825,1.8745658331e+03,1.9745658331e+03,500000,max_evaluations,24.465776
atmals-gsk,cec2013,14,50,17,101241862,1.1498350938e+03,1.2498350938e+03,500000,max_evaluations,23.676036
atmals-gsk,cec2013,14,50,18,102241899,2.1681371445e+03,2.2681371445e+03,500000,max_evaluations,24.173123
atmals-gsk,cec2013,14,50,19,103241936,1.6680391497e+03,1.7680391497e+03,500000,max_evaluations,24.077685
atmals-gsk,cec2013,14,50,20,104241973,2.1091266527e+03,2.2091266527e+03,500000,max_evaluations,24.100103
atmals-gsk,cec2013,14,50,21,105242010,1.0578394361e+03,1.1578394361e+03,500000,max_evaluations,23.835682
atmals-gsk,cec2013,14,50,22,106242047,1.8796297674e+03,1.9796297674e+03,500000,max_evaluations,24.216995
atmals-gsk,cec2013,14,50,23,107242084,1.4223580529e+03,1.5223580529e+03,500000,max_evaluations,23.873437
atmals-gsk,cec2013,14,50,24,108242121,1.9993861689e+03,2.0993861689e+03,500000,max_evaluations,27.411638
atmals-gsk,cec2013,14,50,25,109242158,1.5654687642e+03,1.6654687642e+03,500000,max_evaluations,26.602511
atmals-gsk,cec2013,14,50,26,110242195,1.0550953036e+03,1.1550953036e+03,500000,max_evaluations,26.477233
atmals-gsk,cec2013,14,50,27,111242232,1.6449655850e+03,1.7449655850e+03,500000,max_evaluations,26.643194
atmals-gsk,cec2013,14,50,28,112242269,1.6420078704e+03,1.7420078704e+03,500000,max_evaluations,27.017539
atmals-gsk,cec2013,14,50,29,113242306,1.1598785396e+03,1.2598785396e+03,500000,max_evaluations,26.365115
atmals-gsk,cec2013,14,50,30,114242343,1.5258590328e+03,1.6258590328e+03,500000,max_evaluations,26.528323
atmals-gsk,cec2013,14,50,31,115242380,1.1874922889e+03,1.2874922889e+03,500000,max_evaluations,20.606415
atmals-gsk,cec2013,14,50,32,116242417,1.9889722296e+03,2.0889722296e+03,500000,max_evaluations,22.617871
atmals-gsk,cec2013,14,50,33,117242454,1.7717074990e+03,1.8717074990e+03,500000,max_evaluations,21.824130
atmals-gsk,cec2013,14,50,34,118242491,2.2862673544e+03,2.3862673544e+03,500000,max_evaluations,21.362890
atmals-gsk,cec2013,14,50,35,119242528,1.6850352290e+03,1.7850352290e+03,500000,max_evaluations,20.792675
atmals-gsk,cec2013,14,50,36,120242565,2.2731409246e+03,2.3731409246e+03,500000,max_evaluations,21.558285
atmals-gsk,cec2013,14,50,37,121242602,1.5493926426e+03,1.6493926426e+03,500000,max_evaluations,22.667352
atmals-gsk,cec2013,14,50,38,122242639,2.1561583142e+03,2.2561583142e+03,500000,max_evaluations,21.963918
atmals-gsk,cec2013,14,50,39,123242676,1.5010901204e+03,1.6010901204e+03,500000,max_evaluations,22.891877
atmals-gsk,cec2013,14,50,40,124242713,1.6412060490e+03,1.7412060490e+03,500000,max_evaluations,23.641614
atmals-gsk,cec2013,14,50,41,125242750,1.1510036252e+03,1.2510036252e+03,500000,max_evaluations,22.801985
atmals-gsk,cec2013,14,50,42,126242787,2.0912368314e+03,2.1912368314e+03,500000,max_evaluations,23.632587
atmals-gsk,cec2013,14,50,43,127242824,1.8901561847e+03,1.9901561847e+03,500000,max_evaluations,23.219794
atmals-gsk,cec2013,14,50,44,128242861,1.1516184843e+03,1.2516184843e+03,500000,max_evaluations,22.519804
atmals-gsk,cec2013,14,50,45,129242898,2.0097801065e+03,2.1097801065e+03,500000,max_evaluations,22.412204
atmals-gsk,cec2013,14,50,46,130242935,1.4312225681e+03,1.5312225681e+03,500000,max_evaluations,16.599451
atmals-gsk,cec2013,14,50,47,131242972,1.5211851827e+03,1.6211851827e+03,500000,max_evaluations,16.044348
atmals-gsk,cec2013,14,50,48,132243009,1.5472989470e+03,1.6472989470e+03,500000,max_evaluations,16.260057
atmals-gsk,cec2013,14,50,49,133243046,1.5272610353e+03,1.6272610353e+03,500000,max_evaluations,15.669510
atmals-gsk,cec2013,14,50,50,134243083,1.2895622059e+03,1.3895622059e+03,500000,max_evaluations,15.317981
atmals-gsk,cec2013,14,50,51,135243120,1.2144352933e+03,1.3144352933e+03,500000,max_evaluations,15.893830
atmals-gsk,cec2013,15,50,1,86241303,9.9815830222e+03,9.8815830222e+03,500000,max_evaluations,21.696442
atmals-gsk,cec2013,15,50,2,87241340,9.2737242478e+03,9.1737242478e+03,500000,max_evaluations,22.484715
atmals-gsk,cec2013,15,50,3,88241377,9.4550018127e+03,9.3550018127e+03,500000,max_evaluations,26.180107
atmals-gsk,cec2013,15,50,4,89241414,9.9637256906e+03,9.8637256906e+03,500000,max_evaluations,26.469186
atmals-gsk,cec2013,15,50,5,90241451,8.5203599812e+03,8.4203599812e+03,500000,max_evaluations,25.607565
atmals-gsk,cec2013,15,50,6,91241488,8.0105106668e+03,7.9105106668e+03,500000,max_evaluations,25.835306
atmals-gsk,cec2013,15,50,7,92241525,9.8307455710e+03,9.7307455710e+03,500000,max_evaluations,25.106580
atmals-gsk,cec2013,15,50,8,93241562,9.4915833980e+03,9.3915833980e+03,500000,max_evaluations,25.673570
atmals-gsk,cec2013,15,50,9,94241599,9.6278165765e+03,9.5278165765e+03,500000,max_evaluations,24.818846
atmals-gsk,cec2013,15,50,10,95241636,1.0520391920e+04,1.0420391920e+04,500000,max_evaluations,21.873208
atmals-gsk,cec2013,15,50,11,96241673,8.8736792505e+03,8.7736792505e+03,500000,max_evaluations,22.493017
atmals-gsk,cec2013,15,50,12,97241710,9.7188902947e+03,9.6188902947e+03,500000,max_evaluations,22.615073
atmals-gsk,cec2013,15,50,13,98241747,7.2717045395e+03,7.1717045395e+03,500000,max_evaluations,22.210404
atmals-gsk,cec2013,15,50,14,99241784,7.8831215101e+03,7.7831215101e+03,500000,max_evaluations,21.856440
atmals-gsk,cec2013,15,50,15,100241821,8.5165770224e+03,8.4165770224e+03,500000,max_evaluations,21.510750
atmals-gsk,cec2013,15,50,16,101241858,7.5110713208e+03,7.4110713208e+03,500000,max_evaluations,21.511502
atmals-gsk,cec2013,15,50,17,102241895,7.8236564549e+03,7.7236564549e+03,500000,max_evaluations,21.604401
atmals-gsk,cec2013,15,50,18,103241932,8.3103852003e+03,8.2103852003e+03,500000,max_evaluations,21.189375
atmals-gsk,cec2013,15,50,19,104241969,8.7189915614e+03,8.6189915614e+03,500000,max_evaluations,22.040315
atmals-gsk,cec2013,15,50,20,105242006,8.9414945306e+03,8.8414945306e+03,500000,max_evaluations,22.152399
atmals-gsk,cec2013,15,50,21,106242043,1.0284838860e+04,1.0184838860e+04,500000,max_evaluations,20.825066
atmals-gsk,cec2013,15,50,22,107242080,8.4076464594e+03,8.3076464594e+03,500000,max_evaluations,21.147620
atmals-gsk,cec2013,15,50,23,108242117,8.9371584444e+03,8.8371584444e+03,500000,max_evaluations,22.113156
atmals-gsk,cec2013,15,50,24,109242154,8.9690468405e+03,8.8690468405e+03,500000,max_evaluations,26.569402
atmals-gsk,cec2013,15,50,25,110242191,9.4406569680e+03,9.3406569680e+03,500000,max_evaluations,25.873420
atmals-gsk,cec2013,15,50,26,111242228,8.3947395391e+03,8.2947395391e+03,500000,max_evaluations,25.738517
atmals-gsk,cec2013,15,50,27,112242265,9.6974707401e+03,9.5974707401e+03,500000,max_evaluations,25.380550
atmals-gsk,cec2013,15,50,28,113242302,7.6968224814e+03,7.5968224814e+03,500000,max_evaluations,25.503767
atmals-gsk,cec2013,15,50,29,114242339,8.9537512654e+03,8.8537512654e+03,500000,max_evaluations,25.893985
atmals-gsk,cec2013,15,50,30,115242376,8.7710558963e+03,8.6710558963e+03,500000,max_evaluations,26.091930
atmals-gsk,cec2013,15,50,31,116242413,8.5415400029e+03,8.4415400029e+03,500000,max_evaluations,21.859003
atmals-gsk,cec2013,15,50,32,117242450,8.7217575262e+03,8.6217575262e+03,500000,max_evaluations,21.338712
atmals-gsk,cec2013,15,50,33,118242487,1.0649100357e+04,1.0549100357e+04,500000,max_evaluations,21.869586
atmals-gsk,cec2013,15,50,34,119242524,7.9431783421e+03,7.8431783421e+03,500000,max_evaluations,22.377133
atmals-gsk,cec2013,15,50,35,120242561,7.9658279732e+03,7.8658279732e+03,500000,max_evaluations,22.229448
atmals-gsk,cec2013,15,50,36,121242598,7.4349971628e+03,7.3349971628e+03,500000,max_evaluations,21.463891
atmals-gsk,cec2013,15,50,37,122242635,7.5260993517e+03,7.4260993517e+03,500000,max_evaluations,22.810554
atmals-gsk,cec2013,15,50,38,123242672,8.5060998099e+03,8.4060998099e+03,500000,max_evaluations,21.803824
atmals-gsk,cec2013,15,50,39,124242709,9.6813007234e+03,9.5813007234e+03,500000,max_evaluations,24.653053
atmals-gsk,cec2013,15,50,40,125242746,1.0460546524e+04,1.0360546524e+04,500000,max_evaluations,24.902871
atmals-gsk,cec2013,15,50,41,126242783,9.2007620044e+03,9.1007620044e+03,500000,max_evaluations,25.271906
atmals-gsk,cec2013,15,50,42,127242820,8.7317571841e+03,8.6317571841e+03,500000,max_evaluations,23.966158
atmals-gsk,cec2013,15,50,43,128242857,7.7075531003e+03,7.6075531003e+03,500000,max_evaluations,24.855912
atmals-gsk,cec2013,15,50,44,129242894,6.4250218766e+03,6.3250218766e+03,500000,max_evaluations,24.415442
atmals-gsk,cec2013,15,50,45,130242931,7.2986794494e+03,7.1986794494e+03,500000,max_evaluations,23.701349
atmals-gsk,cec2013,15,50,46,131242968,8.5108800012e+03,8.4108800012e+03,500000,max_evaluations,18.031647
atmals-gsk,cec2013,15,50,47,132243005,7.4754370057e+03,7.3754370057e+03,500000,max_evaluations,17.612195
atmals-gsk,cec2013,15,50,48,133243042,8.5101101287e+03,8.4101101287e+03,500000,max_evaluations,17.329879
atmals-gsk,cec2013,15,50,49,134243079,7.3993695419e+03,7.2993695419e+03,500000,max_evaluations,17.748822
atmals-gsk,cec2013,15,50,50,135243116,7.2180298142e+03,7.1180298142e+03,500000,max_evaluations,17.743486
atmals-gsk,cec2013,15,50,51,136243153,9.4460044335e+03,9.3460044335e+03,500000,max_evaluations,17.309511
atmals-gsk,cec2013,16,50,1,87241336,2.0140844713e+02,1.4084471264e+00,500000,max_evaluations,20.267239
atmals-gsk,cec2013,16,50,2,88241373,2.0200146480e+02,2.0014647983e+00,500000,max_evaluations,20.445237
atmals-gsk,cec2013,16,50,3,89241410,2.0148429539e+02,1.4842953857e+00,500000,max_evaluations,23.592509
atmals-gsk,cec2013,16,50,4,90241447,2.0165317574e+02,1.6531757391e+00,500000,max_evaluations,23.334375
atmals-gsk,cec2013,16,50,5,91241484,2.0199523400e+02,1.9952339989e+00,500000,max_evaluations,22.579790
atmals-gsk,cec2013,16,50,6,92241521,2.0182189742e+02,1.8218974229e+00,500000,max_evaluations,22.905627
atmals-gsk,cec2013,16,50,7,93241558,2.0312933410e+02,3.1293341014e+00,500000,max_evaluations,22.537419
atmals-gsk,cec2013,16,50,8,94241595,2.0228576634e+02,2.2857663376e+00,500000,max_evaluations,23.731925
atmals-gsk,cec2013,16,50,9,95241632,2.0168639974e+02,1.6863997376e+00,500000,max_evaluations,23.088188
atmals-gsk,cec2013,16,50,10,96241669,2.0227926030e+02,2.2792602977e+00,500000,max_evaluations,19.781744
atmals-gsk,cec2013,16,50,11,97241706,2.0120513630e+02,1.2051363015e+00,500000,max_evaluations,19.835859
atmals-gsk,cec2013,16,50,12,98241743,2.0248517509e+02,2.4851750861e+00,500000,max_evaluations,19.843963
atmals-gsk,cec2013,16,50,13,99241780,2.0083269378e+02,8.3269377781e-01,500000,max_evaluations,20.563375
atmals-gsk,cec2013,16,50,14,100241817,2.0189534598e+02,1.8953459843e+00,500000,max_evaluations,19.960120
atmals-gsk,cec2013,16,50,15,101241854,2.0198450990e+02,1.9845098999e+00,500000,max_evaluations,20.850448
atmals-gsk,cec2013,16,50,16,102241891,2.0226616445e+02,2.2661644513e+00,500000,max_evaluations,24.769398
atmals-gsk,cec2013,16,50,17,103241928,2.0200107370e+02,2.0010737031e+00,500000,max_evaluations,25.358549
atmals-gsk,cec2013,16,50,18,104241965,2.0204979421e+02,2.0497942149e+00,500000,max_evaluations,24.012115
atmals-gsk,cec2013,16,50,19,105242002,2.0161155260e+02,1.6115526040e+00,500000,max_evaluations,23.796446
atmals-gsk,cec2013,16,50,20,106242039,2.0192320690e+02,1.9232069002e+00,500000,max_evaluations,24.467078
atmals-gsk,cec2013,16,50,21,107242076,2.0202813871e+02,2.0281387142e+00,500000,max_evaluations,24.720584
atmals-gsk,cec2013,16,50,22,108242113,2.0171381366e+02,1.7138136573e+00,500000,max_evaluations,24.333760
atmals-gsk,cec2013,16,50,23,109242150,2.0190997037e+02,1.9099703733e+00,500000,max_evaluations,23.435409
atmals-gsk,cec2013,16,50,24,110242187,2.0171510120e+02,1.7151012008e+00,500000,max_evaluations,29.908009
atmals-gsk,cec2013,16,50,25,111242224,2.0204905577e+02,2.0490557725e+00,500000,max_evaluations,29.323649
atmals-gsk,cec2013,16,50,26,112242261,2.0187018752e+02,1.8701875236e+00,500000,max_evaluations,29.484379
atmals-gsk,cec2013,16,50,27,113242298,2.0178013730e+02,1.7801373016e+00,500000,max_evaluations,30.090992
atmals-gsk,cec2013,16,50,28,114242335,2.0152516801e+02,1.5251680061e+00,500000,max_evaluations,29.403665
atmals-gsk,cec2013,16,50,29,115242372,2.0160019554e+02,1.6001955444e+00,500000,max_evaluations,29.047534
atmals-gsk,cec2013,16,50,30,116242409,2.0248372730e+02,2.4837272999e+00,500000,max_evaluations,29.971392
atmals-gsk,cec2013,16,50,31,117242446,2.0216873087e+02,2.1687308713e+00,500000,max_evaluations,24.927364
atmals-gsk,cec2013,16,50,32,118242483,2.0175949500e+02,1.7594950013e+00,500000,max_evaluations,25.144315
atmals-gsk,cec2013,16,50,33,119242520,2.0135928228e+02,1.3592822832e+00,500000,max_evaluations,25.244243
atmals-gsk,cec2013,16,50,34,120242557,2.0191709481e+02,1.9170948137e+00,500000,max_evaluations,23.909939
atmals-gsk,cec2013,16,50,35,121242594,2.0220761711e+02,2.2076171098e+00,500000,max_evaluations,24.655894
atmals-gsk,cec2013,16,50,36,122242631,2.0245290115e+02,2.4529011542e+00,500000,max_evaluations,23.962085
atmals-gsk,cec2013,16,50,37,123242668,2.0226778497e+02,2.2677849747e+00,500000,max_evaluations,24.461273
atmals-gsk,cec2013,16,50,38,124242705,2.0161896323e+02,1.6189632341e+00,500000,max_evaluations,25.028525
atmals-gsk,cec2013,16,50,39,125242742,2.0149865171e+02,1.4986517057e+00,500000,max_evaluations,26.709883
atmals-gsk,cec2013,16,50,40,126242779,2.0156445572e+02,1.5644557215e+00,500000,max_evaluations,26.545294
atmals-gsk,cec2013,16,50,41,127242816,2.0219331013e+02,2.1933101301e+00,500000,max_evaluations,26.686103
atmals-gsk,cec2013,16,50,42,128242853,2.0163170486e+02,1.6317048639e+00,500000,max_evaluations,27.089272
atmals-gsk,cec2013,16,50,43,129242890,2.0123214889e+02,1.2321488891e+00,500000,max_evaluations,26.610655
atmals-gsk,cec2013,16,50,44,130242927,2.0250636696e+02,2.5063669593e+00,500000,max_evaluations,26.328146
atmals-gsk,cec2013,16,50,45,131242964,2.0252256399e+02,2.5225639878e+00,500000,max_evaluations,25.696500
atmals-gsk,cec2013,16,50,46,132243001,2.0235277194e+02,2.3527719377e+00,500000,max_evaluations,18.694678
atmals-gsk,cec2013,16,50,47,133243038,2.0255881666e+02,2.5588166635e+00,500000,max_evaluations,18.671471
atmals-gsk,cec2013,16,50,48,134243075,2.0091651391e+02,9.1651391012e-01,500000,max_evaluations,18.580924
atmals-gsk,cec2013,16,50,49,135243112,2.0205788505e+02,2.0578850536e+00,500000,max_evaluations,18.680009
atmals-gsk,cec2013,16,50,50,136243149,2.0120984639e+02,1.2098463870e+00,500000,max_evaluations,18.572037
atmals-gsk,cec2013,16,50,51,137243186,2.0203685961e+02,2.0368596063e+00,500000,max_evaluations,18.029117
atmals-gsk,cec2013,17,50,1,88241369,3.5512465960e+02,5.5124659605e+01,500000,max_evaluations,18.682479
atmals-gsk,cec2013,17,50,2,89241406,3.5562427611e+02,5.5624276114e+01,500000,max_evaluations,17.996811
atmals-gsk,cec2013,17,50,3,90241443,3.5522100155e+02,5.5221001546e+01,500000,max_evaluations,20.548673
atmals-gsk,cec2013,17,50,4,91241480,3.5679595002e+02,5.6795950022e+01,500000,max_evaluations,20.419416
atmals-gsk,cec2013,17,50,5,92241517,3.5589886136e+02,5.5898861357e+01,500000,max_evaluations,18.755766
atmals-gsk,cec2013,17,50,6,93241554,3.5412942699e+02,5.4129426987e+01,500000,max_evaluations,20.284868
atmals-gsk,cec2013,17,50,7,94241591,3.5465901036e+02,5.4659010357e+01,500000,max_evaluations,19.903266
atmals-gsk,cec2013,17,50,8,95241628,3.5558287235e+02,5.5582872353e+01,500000,max_evaluations,20.206774
atmals-gsk,cec2013,17,50,9,96241665,3.5723207704e+02,5.7232077037e+01,500000,max_evaluations,20.945444
atmals-gsk,cec2013,17,50,10,97241702,3.5607458703e+02,5.6074587031e+01,500000,max_evaluations,18.142613
atmals-gsk,cec2013,17,50,11,98241739,3.5367322004e+02,5.3673220036e+01,500000,max_evaluations,17.858459
atmals-gsk,cec2013,17,50,12,99241776,3.5477646883e+02,5.4776468826e+01,500000,max_evaluations,17.839267
atmals-gsk,cec2013,17,50,13,100241813,3.5406153911e+02,5.4061539114e+01,500000,max_evaluations,18.763685
atmals-gsk,cec2013,17,50,14,101241850,3.5512983963e+02,5.5129839633e+01,500000,max_evaluations,18.523643
atmals-gsk,cec2013,17,50,15,102241887,3.5524243968e+02,5.5242439679e+01,500000,max_evaluations,18.433480
atmals-gsk,cec2013,17,50,16,103241924,3.5489123212e+02,5.4891232120e+01,500000,max_evaluations,20.943418
atmals-gsk,cec2013,17,50,17,104241961,3.5429234809e+02,5.4292348091e+01,500000,max_evaluations,22.142813
atmals-gsk,cec2013,17,50,18,105241998,3.5513269314e+02,5.5132693142e+01,500000,max_evaluations,21.352018
atmals-gsk,cec2013,17,50,19,106242035,3.5665097245e+02,5.6650972450e+01,500000,max_evaluations,21.114188
atmals-gsk,cec2013,17,50,20,107242072,3.5458011501e+02,5.4580115008e+01,500000,max_evaluations,22.285887
atmals-gsk,cec2013,17,50,21,108242109,3.5614898251e+02,5.6148982509e+01,500000,max_evaluations,21.532841
atmals-gsk,cec2013,17,50,22,109242146,3.5347200266e+02,5.3472002659e+01,500000,max_evaluations,22.054528
atmals-gsk,cec2013,17,50,23,110242183,3.5464965464e+02,5.4649654642e+01,500000,max_evaluations,25.188877
atmals-gsk,cec2013,17,50,24,111242220,3.5523675354e+02,5.5236753542e+01,500000,max_evaluations,21.966647
atmals-gsk,cec2013,17,50,25,112242257,3.5588317250e+02,5.5883172497e+01,500000,max_evaluations,23.823582
atmals-gsk,cec2013,17,50,26,113242294,3.5531394525e+02,5.5313945249e+01,500000,max_evaluations,23.989437
atmals-gsk,cec2013,17,50,27,114242331,3.5427008721e+02,5.4270087211e+01,500000,max_evaluations,23.478458
atmals-gsk,cec2013,17,50,28,115242368,3.5492472082e+02,5.4924720820e+01,500000,max_evaluations,24.271777
atmals-gsk,cec2013,17,50,29,116242405,3.5505082550e+02,5.5050825501e+01,500000,max_evaluations,24.532105
atmals-gsk,cec2013,17,50,30,117242442,3.5482210819e+02,5.4822108187e+01,500000,max_evaluations,24.480889
atmals-gsk,cec2013,17,50,31,118242479,3.5674331658e+02,5.6743316575e+01,500000,max_evaluations,20.473586
atmals-gsk,cec2013,17,50,32,119242516,3.5521192245e+02,5.5211922447e+01,500000,max_evaluations,21.414083
atmals-gsk,cec2013,17,50,33,120242553,3.5530451899e+02,5.5304518987e+01,500000,max_evaluations,21.641542
atmals-gsk,cec2013,17,50,34,121242590,3.5509053161e+02,5.5090531614e+01,500000,max_evaluations,21.235954
atmals-gsk,cec2013,17,50,35,122242627,3.5462572525e+02,5.4625725246e+01,500000,max_evaluations,21.028085
atmals-gsk,cec2013,17,50,36,123242664,3.5512395651e+02,5.5123956506e+01,500000,max_evaluations,21.186548
atmals-gsk,cec2013,17,50,37,124242701,3.5448550843e+02,5.4485508433e+01,500000,max_evaluations,22.036782
atmals-gsk,cec2013,17,50,38,125242738,3.5382022763e+02,5.3820227630e+01,500000,max_evaluations,21.888816
atmals-gsk,cec2013,17,50,39,126242775,3.5602300746e+02,5.6023007464e+01,500000,max_evaluations,22.747152
atmals-gsk,cec2013,17,50,40,127242812,3.5475069514e+02,5.4750695141e+01,500000,max_evaluations,23.845903
atmals-gsk,cec2013,17,50,41,128242849,3.5353511199e+02,5.3535111986e+01,500000,max_evaluations,24.154954
atmals-gsk,cec2013,17,50,42,129242886,3.5541976643e+02,5.5419766431e+01,500000,max_evaluations,23.115327
atmals-gsk,cec2013,17,50,43,130242923,3.5609608258e+02,5.6096082576e+01,500000,max_evaluations,23.216791
atmals-gsk,cec2013,17,50,44,131242960,3.5478512126e+02,5.4785121262e+01,500000,max_evaluations,23.239515
atmals-gsk,cec2013,17,50,45,132242997,3.5376919111e+02,5.3769191114e+01,500000,max_evaluations,22.612286
atmals-gsk,cec2013,17,50,46,133243034,3.5459765167e+02,5.4597651670e+01,500000,max_evaluations,16.353073
atmals-gsk,cec2013,17,50,47,134243071,3.5324961074e+02,5.3249610741e+01,500000,max_evaluations,16.379667
atmals-gsk,cec2013,17,50,48,135243108,3.5577997928e+02,5.5779979282e+01,500000,max_evaluations,16.091677
atmals-gsk,cec2013,17,50,49,136243145,3.5522334870e+02,5.5223348704e+01,500000,max_evaluations,16.064937
atmals-gsk,cec2013,17,50,50,137243182,3.5508107538e+02,5.5081075381e+01,500000,max_evaluations,16.057322
atmals-gsk,cec2013,17,50,51,138243219,3.5615713086e+02,5.6157130859e+01,500000,max_evaluations,14.899799
atmals-gsk,cec2013,18,50,1,89241402,5.5548477661e+02,1.5548477661e+02,500000,max_evaluations,20.061085
atmals-gsk,cec2013,18,50,2,90241439,5.6659263511e+02,1.6659263511e+02,500000,max_evaluations,20.812029
atmals-gsk,cec2013,18,50,3,91241476,6.0142344661e+02,2.0142344661e+02,500000,max_evaluations,22.647700
atmals-gsk,cec2013,18,50,4,92241513,5.8446899763e+02,1.8446899763e+02,500000,max_evaluations,23.630144
atmals-gsk,cec2013,18,50,5,93241550,5.7900352017e+02,1.7900352017e+02,500000,max_evaluations,23.501071
atmals-gsk,cec2013,18,50,6,94241587,6.0874445564e+02,2.0874445564e+02,500000,max_evaluations,23.324283
atmals-gsk,cec2013,18,50,7,95241624,5.8852243277e+02,1.8852243277e+02,500000,max_evaluations,22.594913
atmals-gsk,cec2013,18,50,8,96241661,6.0227226530e+02,2.0227226530e+02,500000,max_evaluations,22.069958
atmals-gsk,cec2013,18,50,9,97241698,6.1194536744e+02,2.1194536744e+02,500000,max_evaluations,23.469005
atmals-gsk,cec2013,18,50,10,98241735,6.0775578707e+02,2.0775578707e+02,500000,max_evaluations,19.238276
atmals-gsk,cec2013,18,50,11,99241772,5.5871183222e+02,1.5871183222e+02,500000,max_evaluations,19.433895
atmals-gsk,cec2013,18,50,12,100241809,6.0869836917e+02,2.0869836917e+02,500000,max_evaluations,20.810992
atmals-gsk,cec2013,18,50,13,101241846,5.8648511892e+02,1.8648511892e+02,500000,max_evaluations,19.746690
atmals-gsk,cec2013,18,50,14,102241883,5.9420232974e+02,1.9420232974e+02,500000,max_evaluations,20.331602
atmals-gsk,cec2013,18,50,15,103241920,5.9722687373e+02,1.9722687373e+02,500000,max_evaluations,19.753831
atmals-gsk,cec2013,18,50,16,104241957,6.0095253660e+02,2.0095253660e+02,500000,max_evaluations,21.639494
atmals-gsk,cec2013,18,50,17,105241994,6.5721287568e+02,2.5721287568e+02,500000,max_evaluations,22.411069
atmals-gsk,cec2013,18,50,18,106242031,5.8907003949e+02,1.8907003949e+02,500000,max_evaluations,22.667112
atmals-gsk,cec2013,18,50,19,107242068,5.8264723303e+02,1.8264723303e+02,500000,max_evaluations,21.627745
atmals-gsk,cec2013,18,50,20,108242105,6.1756734611e+02,2.1756734611e+02,500000,max_evaluations,22.743693
atmals-gsk,cec2013,18,50,21,109242142,5.6196286665e+02,1.6196286665e+02,500000,max_evaluations,21.784563
atmals-gsk,cec2013,18,50,22,110242179,6.0046713156e+02,2.0046713156e+02,500000,max_evaluations,22.426766
atmals-gsk,cec2013,18,50,23,111242216,5.8312571237e+02,1.8312571237e+02,500000,max_evaluations,23.609233
atmals-gsk,cec2013,18,50,24,112242253,5.8154827286e+02,1.8154827286e+02,500000,max_evaluations,26.602173
atmals-gsk,cec2013,18,50,25,113242290,5.9196741281e+02,1.9196741281e+02,500000,max_evaluations,26.276347
atmals-gsk,cec2013,18,50,26,114242327,6.1701601636e+02,2.1701601636e+02,500000,max_evaluations,26.751390
atmals-gsk,cec2013,18,50,27,115242364,6.2459811859e+02,2.2459811859e+02,500000,max_evaluations,25.036758
atmals-gsk,cec2013,18,50,28,116242401,6.0161451728e+02,2.0161451728e+02,500000,max_evaluations,26.610009
atmals-gsk,cec2013,18,50,29,117242438,5.8073759399e+02,1.8073759399e+02,500000,max_evaluations,25.594860
atmals-gsk,cec2013,18,50,30,118242475,6.0893741640e+02,2.0893741640e+02,500000,max_evaluations,26.352476
atmals-gsk,cec2013,18,50,31,119242512,6.3271326772e+02,2.3271326772e+02,500000,max_evaluations,22.359411
atmals-gsk,cec2013,18,50,32,120242549,5.9237130508e+02,1.9237130508e+02,500000,max_evaluations,21.972019
atmals-gsk,cec2013,18,50,33,121242586,5.9104078945e+02,1.9104078945e+02,500000,max_evaluations,22.220898
atmals-gsk,cec2013,18,50,34,122242623,5.5867583696e+02,1.5867583696e+02,500000,max_evaluations,22.068367
atmals-gsk,cec2013,18,50,35,123242660,5.9673049922e+02,1.9673049922e+02,500000,max_evaluations,22.475306
atmals-gsk,cec2013,18,50,36,124242697,6.1072928851e+02,2.1072928851e+02,500000,max_evaluations,23.009653
atmals-gsk,cec2013,18,50,37,125242734,6.2714338774e+02,2.2714338774e+02,500000,max_evaluations,22.428835
atmals-gsk,cec2013,18,50,38,126242771,6.2718097910e+02,2.2718097910e+02,500000,max_evaluations,22.229608
atmals-gsk,cec2013,18,50,39,127242808,6.1648250862e+02,2.1648250862e+02,500000,max_evaluations,25.219586
atmals-gsk,cec2013,18,50,40,128242845,5.9967431066e+02,1.9967431066e+02,500000,max_evaluations,24.641370
atmals-gsk,cec2013,18,50,41,129242882,5.6294047153e+02,1.6294047153e+02,500000,max_evaluations,24.709735
atmals-gsk,cec2013,18,50,42,130242919,5.9403021354e+02,1.9403021354e+02,500000,max_evaluations,25.261966
atmals-gsk,cec2013,18,50,43,131242956,5.9773072431e+02,1.9773072431e+02,500000,max_evaluations,24.870276
atmals-gsk,cec2013,18,50,44,132242993,5.9253130361e+02,1.9253130361e+02,500000,max_evaluations,23.791128
atmals-gsk,cec2013,18,50,45,133243030,6.2470918743e+02,2.2470918743e+02,500000,max_evaluations,24.359131
atmals-gsk,cec2013,18,50,46,134243067,5.8749901189e+02,1.8749901189e+02,500000,max_evaluations,17.830601
atmals-gsk,cec2013,18,50,47,135243104,6.1309758649e+02,2.1309758649e+02,500000,max_evaluations,17.705443
atmals-gsk,cec2013,18,50,48,136243141,6.1392795002e+02,2.1392795002e+02,500000,max_evaluations,17.701239
atmals-gsk,cec2013,18,50,49,137243178,6.1246580715e+02,2.1246580715e+02,500000,max_evaluations,17.428277
atmals-gsk,cec2013,18,50,50,138243215,5.8783603931e+02,1.8783603931e+02,500000,max_evaluations,16.845359
atmals-gsk,cec2013,18,50,51,139243252,6.1340652890e+02,2.1340652890e+02,500000,max_evaluations,16.523968
atmals-gsk,cec2013,19,50,1,90241435,5.0238966896e+02,2.3896689617e+00,500000,max_evaluations,18.457527
atmals-gsk,cec2013,19,50,2,91241472,5.0357292135e+02,3.5729213491e+00,500000,max_evaluations,18.563238
atmals-gsk,cec2013,19,50,3,92241509,5.0287731016e+02,2.8773101625e+00,500000,max_evaluations,20.727934
atmals-gsk,cec2013,19,50,4,93241546,5.0283506170e+02,2.8350616981e+00,500000,max_evaluations,20.758838
atmals-gsk,cec2013,19,50,5,94241583,5.0309208304e+02,3.0920830364e+00,500000,max_evaluations,21.347204
atmals-gsk,cec2013,19,50,6,95241620,5.0189299232e+02,1.8929923157e+00,500000,max_evaluations,20.831912
atmals-gsk,cec2013,19,50,7,96241657,5.0257192798e+02,2.5719279827e+00,500000,max_evaluations,20.667928
atmals-gsk,cec2013,19,50,8,97241694,5.0229491577e+02,2.2949157662e+00,500000,max_evaluations,20.205729
atmals-gsk,cec2013,19,50,9,98241731,5.0356829767e+02,3.5682976675e+00,500000,max_evaluations,19.973102
atmals-gsk,cec2013,19,50,10,99241768,5.0276476708e+02,2.7647670752e+00,500000,max_evaluations,19.168647
atmals-gsk,cec2013,19,50,11,100241805,5.0188190817e+02,1.8819081721e+00,500000,max_evaluations,18.825101
atmals-gsk,cec2013,19,50,12,101241842,5.0265359635e+02,2.6535963485e+00,500000,max_evaluations,18.387853
atmals-gsk,cec2013,19,50,13,102241879,5.0351767628e+02,3.5176762814e+00,500000,max_evaluations,19.308686
atmals-gsk,cec2013,19,50,14,103241916,5.0330880180e+02,3.3088018003e+00,500000,max_evaluations,19.083326
atmals-gsk,cec2013,19,50,15,104241953,5.0317054677e+02,3.1705467729e+00,500000,max_evaluations,19.239704
atmals-gsk,cec2013,19,50,16,105241990,5.0136025726e+02,1.3602572618e+00,500000,max_evaluations,21.044539
atmals-gsk,cec2013,19,50,17,106242027,5.0209833889e+02,2.0983388924e+00,500000,max_evaluations,19.807365
atmals-gsk,cec2013,19,50,18,107242064,5.0357391915e+02,3.5739191493e+00,500000,max_evaluations,20.666948
atmals-gsk,cec2013,19,50,19,108242101,5.0273414857e+02,2.7341485721e+00,500000,max_evaluations,20.971390
atmals-gsk,cec2013,19,50,20,109242138,5.0304069891e+02,3.0406989057e+00,500000,max_evaluations,20.785309
atmals-gsk,cec2013,19,50,21,110242175,5.0289450005e+02,2.8945000488e+00,500000,max_evaluations,20.845954
atmals-gsk,cec2013,19,50,22,111242212,5.0283082908e+02,2.8308290800e+00,500000,max_evaluations,20.660545
atmals-gsk,cec2013,19,50,23,112242249,5.0254347165e+02,2.5434716491e+00,500000,max_evaluations,20.393770
atmals-gsk,cec2013,19,50,24,113242286,5.0338187780e+02,3.3818778045e+00,500000,max_evaluations,22.717807
atmals-gsk,cec2013,19,50,25,114242323,5.0228111496e+02,2.2811149573e+00,500000,max_evaluations,23.280889
atmals-gsk,cec2013,19,50,26,115242360,5.0246359920e+02,2.4635992026e+00,500000,max_evaluations,22.886098
atmals-gsk,cec2013,19,50,27,116242397,5.0264647526e+02,2.6464752553e+00,500000,max_evaluations,24.150150
atmals-gsk,cec2013,19,50,28,117242434,5.0317693882e+02,3.1769388153e+00,500000,max_evaluations,24.052045
atmals-gsk,cec2013,19,50,29,118242471,5.0282037823e+02,2.8203782324e+00,500000,max_evaluations,22.194745
atmals-gsk,cec2013,19,50,30,119242508,5.0281083831e+02,2.8108383080e+00,500000,max_evaluations,24.077787
atmals-gsk,cec2013,19,50,31,120242545,5.0268449511e+02,2.6844951128e+00,500000,max_evaluations,20.709138
atmals-gsk,cec2013,19,50,32,121242582,5.0267664446e+02,2.6766444620e+00,500000,max_evaluations,20.660675
atmals-gsk,cec2013,19,50,33,122242619,5.0320274439e+02,3.2027443915e+00,500000,max_evaluations,20.898638
atmals-gsk,cec2013,19,50,34,123242656,5.0271389397e+02,2.7138939739e+00,500000,max_evaluations,21.503185
atmals-gsk,cec2013,19,50,35,124242693,5.0227035782e+02,2.2703578237e+00,500000,max_evaluations,20.533243
atmals-gsk,cec2013,19,50,36,125242730,5.0245433525e+02,2.4543352491e+00,500000,max_evaluations,20.841716
atmals-gsk,cec2013,19,50,37,126242767,5.0253082536e+02,2.5308253593e+00,500000,max_evaluations,20.224647
atmals-gsk,cec2013,19,50,38,127242804,5.0245039743e+02,2.4503974275e+00,500000,max_evaluations,21.396065
atmals-gsk,cec2013,19,50,39,128242841,5.0304338429e+02,3.0433842908e+00,500000,max_evaluations,22.628157
atmals-gsk,cec2013,19,50,40,129242878,5.0268719156e+02,2.6871915603e+00,500000,max_evaluations,22.582135
atmals-gsk,cec2013,19,50,41,130242915,5.0310751090e+02,3.1075109036e+00,500000,max_evaluations,22.303078
atmals-gsk,cec2013,19,50,42,131242952,5.0310176061e+02,3.1017606096e+00,500000,max_evaluations,22.159855
atmals-gsk,cec2013,19,50,43,132242989,5.0254689406e+02,2.5468940625e+00,500000,max_evaluations,22.587507
atmals-gsk,cec2013,19,50,44,133243026,5.0325770287e+02,3.2577028734e+00,500000,max_evaluations,22.181456
atmals-gsk,cec2013,19,50,45,134243063,5.0290758448e+02,2.9075844819e+00,500000,max_evaluations,21.836519
atmals-gsk,cec2013,19,50,46,135243100,5.0296524087e+02,2.9652408675e+00,500000,max_evaluations,15.708092
atmals-gsk,cec2013,19,50,47,136243137,5.0165382165e+02,1.6538216522e+00,500000,max_evaluations,15.847008
atmals-gsk,cec2013,19,50,48,137243174,5.0281576072e+02,2.8157607234e+00,500000,max_evaluations,15.195785
atmals-gsk,cec2013,19,50,49,138243211,5.0225054998e+02,2.2505499799e+00,500000,max_evaluations,15.321571
atmals-gsk,cec2013,19,50,50,139243248,5.0261660795e+02,2.6166079541e+00,500000,max_evaluations,15.817709
atmals-gsk,cec2013,19,50,51,140243285,5.0248164896e+02,2.4816489584e+00,500000,max_evaluations,15.259943
atmals-gsk,cec2013,20,50,1,91241468,6.2066873137e+02,2.0668731370e+01,500000,max_evaluations,21.302680
atmals-gsk,cec2013,20,50,2,92241505,6.1990635962e+02,1.9906359622e+01,500000,max_evaluations,20.742942
atmals-gsk,cec2013,20,50,3,93241542,6.1912524183e+02,1.9125241825e+01,500000,max_evaluations,23.815267
atmals-gsk,cec2013,20,50,4,94241579,6.1943069528e+02,1.9430695281e+01,500000,max_evaluations,22.824252
atmals-gsk,cec2013,20,50,5,95241616,6.2098877688e+02,2.0988776877e+01,500000,max_evaluations,23.006818
atmals-gsk,cec2013,20,50,6,96241653,6.2067434296e+02,2.0674342956e+01,500000,max_evaluations,23.713230
atmals-gsk,cec2013,20,50,7,97241690,6.2042994041e+02,2.0429940405e+01,500000,max_evaluations,23.164300
atmals-gsk,cec2013,20,50,8,98241727,6.2118397091e+02,2.1183970909e+01,500000,max_evaluations,22.768087
atmals-gsk,cec2013,20,50,9,99241764,6.2069454124e+02,2.0694541238e+01,500000,max_evaluations,22.625633
atmals-gsk,cec2013,20,50,10,100241801,6.2164999462e+02,2.1649994623e+01,500000,max_evaluations,21.362252
atmals-gsk,cec2013,20,50,11,101241838,6.2000476530e+02,2.0004765303e+01,500000,max_evaluations,20.862961
atmals-gsk,cec2013,20,50,12,102241875,6.2016223161e+02,2.0162231608e+01,500000,max_evaluations,21.093193
atmals-gsk,cec2013,20,50,13,103241912,6.2067570890e+02,2.0675708903e+01,500000,max_evaluations,21.286562
atmals-gsk,cec2013,20,50,14,104241949,6.1994907543e+02,1.9949075426e+01,500000,max_evaluations,20.882645
atmals-gsk,cec2013,20,50,15,105241986,6.2019612226e+02,2.0196122264e+01,500000,max_evaluations,21.074151
atmals-gsk,cec2013,20,50,16,106242023,6.2050479390e+02,2.0504793898e+01,500000,max_evaluations,22.189780
atmals-gsk,cec2013,20,50,17,107242060,6.2042095732e+02,2.0420957321e+01,500000,max_evaluations,21.894387
atmals-gsk,cec2013,20,50,18,108242097,6.2004479244e+02,2.0044792438e+01,500000,max_evaluations,22.392021
atmals-gsk,cec2013,20,50,19,109242134,6.2156769979e+02,2.1567699793e+01,500000,max_evaluations,21.664114
atmals-gsk,cec2013,20,50,20,110242171,6.2064300537e+02,2.0643005374e+01,500000,max_evaluations,21.991058
atmals-gsk,cec2013,20,50,21,111242208,6.2162490122e+02,2.1624901225e+01,500000,max_evaluations,22.201581
atmals-gsk,cec2013,20,50,22,112242245,6.2055840292e+02,2.0558402916e+01,500000,max_evaluations,22.060613
atmals-gsk,cec2013,20,50,23,113242282,6.1827411447e+02,1.8274114467e+01,500000,max_evaluations,22.558570
atmals-gsk,cec2013,20,50,24,114242319,6.2042043209e+02,2.0420432094e+01,500000,max_evaluations,26.226744
atmals-gsk,cec2013,20,50,25,115242356,6.2111444670e+02,2.1114446695e+01,500000,max_evaluations,25.101554
atmals-gsk,cec2013,20,50,26,116242393,6.2062837694e+02,2.0628376943e+01,500000,max_evaluations,24.994100
atmals-gsk,cec2013,20,50,27,117242430,6.1835224555e+02,1.8352245550e+01,500000,max_evaluations,26.077453
atmals-gsk,cec2013,20,50,28,118242467,6.2075045449e+02,2.0750454489e+01,500000,max_evaluations,26.284239
atmals-gsk,cec2013,20,50,29,119242504,6.1853875424e+02,1.8538754242e+01,500000,max_evaluations,25.511024
atmals-gsk,cec2013,20,50,30,120242541,6.1870299216e+02,1.8702992156e+01,500000,max_evaluations,25.151807
atmals-gsk,cec2013,20,50,31,121242578,6.2088559364e+02,2.0885593644e+01,500000,max_evaluations,22.048119
atmals-gsk,cec2013,20,50,32,122242615,6.2119305562e+02,2.1193055618e+01,500000,max_evaluations,21.830390
atmals-gsk,cec2013,20,50,33,123242652,6.2062221307e+02,2.0622213071e+01,500000,max_evaluations,21.208574
atmals-gsk,cec2013,20,50,34,124242689,6.2152620258e+02,2.1526202579e+01,500000,max_evaluations,21.770350
atmals-gsk,cec2013,20,50,35,125242726,6.1922822002e+02,1.9228220021e+01,500000,max_evaluations,22.056733
atmals-gsk,cec2013,20,50,36,126242763,6.2146815698e+02,2.1468156981e+01,500000,max_evaluations,20.920356
atmals-gsk,cec2013,20,50,37,127242800,6.2117278375e+02,2.1172783747e+01,500000,max_evaluations,21.487932
atmals-gsk,cec2013,20,50,38,128242837,6.1887139505e+02,1.8871395048e+01,500000,max_evaluations,21.306285
atmals-gsk,cec2013,20,50,39,129242874,6.2039033568e+02,2.0390335678e+01,500000,max_evaluations,24.567429
atmals-gsk,cec2013,20,50,40,130242911,6.2088778461e+02,2.0887784607e+01,500000,max_evaluations,24.327320
atmals-gsk,cec2013,20,50,41,131242948,6.2074969850e+02,2.0749698496e+01,500000,max_evaluations,23.900308
atmals-gsk,cec2013,20,50,42,132242985,6.1906496331e+02,1.9064963305e+01,500000,max_evaluations,24.471766
atmals-gsk,cec2013,20,50,43,133243022,6.2073770949e+02,2.0737709491e+01,500000,max_evaluations,23.550485
atmals-gsk,cec2013,20,50,44,134243059,6.2134917087e+02,2.1349170873e+01,500000,max_evaluations,24.453446
atmals-gsk,cec2013,20,50,45,135243096,6.2121344469e+02,2.1213444687e+01,500000,max_evaluations,24.656820
atmals-gsk,cec2013,20,50,46,136243133,6.2054232691e+02,2.0542326907e+01,500000,max_evaluations,17.472261
atmals-gsk,cec2013,20,50,47,137243170,6.2019340347e+02,2.0193403472e+01,500000,max_evaluations,16.862299
atmals-gsk,cec2013,20,50,48,138243207,6.1861726598e+02,1.8617265981e+01,500000,max_evaluations,16.826400
atmals-gsk,cec2013,20,50,49,139243244,6.1997674867e+02,1.9976748667e+01,500000,max_evaluations,16.528619
atmals-gsk,cec2013,20,50,50,140243281,6.2036141758e+02,2.0361417582e+01,500000,max_evaluations,16.939340
atmals-gsk,cec2013,20,50,51,141243318,6.2002423988e+02,2.0024239880e+01,500000,max_evaluations,16.554409
atmals-gsk,cec2013,21,50,1,92241501,1.8221857638e+03,1.1221857638e+03,500000,max_evaluations,21.720569
atmals-gsk,cec2013,21,50,2,93241538,1.8221857638e+03,1.1221857638e+03,500000,max_evaluations,21.415282
atmals-gsk,cec2013,21,50,3,94241575,1.8221857638e+03,1.1221857638e+03,500000,max_evaluations,25.070452
atmals-gsk,cec2013,21,50,4,95241612,9.0000000000e+02,2.0000000000e+02,500000,max_evaluations,24.813156
atmals-gsk,cec2013,21,50,5,96241649,1.8221857638e+03,1.1221857638e+03,500000,max_evaluations,24.707215
atmals-gsk,cec2013,21,50,6,97241686,1.8221857638e+03,1.1221857638e+03,500000,max_evaluations,24.603322
atmals-gsk,cec2013,21,50,7,98241723,1.5364424878e+03,8.3644248782e+02,500000,max_evaluations,24.499126
atmals-gsk,cec2013,21,50,8,99241760,1.8221857638e+03,1.1221857638e+03,500000,max_evaluations,24.919610
atmals-gsk,cec2013,21,50,9,100241797,1.8223536752e+03,1.1223536752e+03,500000,max_evaluations,25.154418
atmals-gsk,cec2013,21,50,10,101241834,1.5364424878e+03,8.3644248782e+02,500000,max_evaluations,20.698560
atmals-gsk,cec2013,21,50,11,102241871,1.8221857638e+03,1.1221857638e+03,500000,max_evaluations,20.691639
atmals-gsk,cec2013,21,50,12,103241908,9.0000000000e+02,2.0000000000e+02,500000,max_evaluations,21.591267
atmals-gsk,cec2013,21,50,13,104241945,1.5364424878e+03,8.3644248782e+02,500000,max_evaluations,20.720055
atmals-gsk,cec2013,21,50,14,105241982,9.0000000000e+02,2.0000000000e+02,500000,max_evaluations,21.855663
atmals-gsk,cec2013,21,50,15,106242019,9.0000000000e+02,2.0000000000e+02,500000,max_evaluations,21.116564
atmals-gsk,cec2013,21,50,16,107242056,1.8221857638e+03,1.1221857638e+03,500000,max_evaluations,24.750045
atmals-gsk,cec2013,21,50,17,108242093,9.0000000000e+02,2.0000000000e+02,500000,max_evaluations,24.584245
atmals-gsk,cec2013,21,50,18,109242130,1.5364424878e+03,8.3644248782e+02,500000,max_evaluations,24.047728
atmals-gsk,cec2013,21,50,19,110242167,1.8221857638e+03,1.1221857638e+03,500000,max_evaluations,24.155379
atmals-gsk,cec2013,21,50,20,111242204,9.0000000000e+02,2.0000000000e+02,500000,max_evaluations,24.464792
atmals-gsk,cec2013,21,50,21,112242241,1.8221857638e+03,1.1221857638e+03,500000,max_evaluations,24.041425
atmals-gsk,cec2013,21,50,22,113242278,1.8221857638e+03,1.1221857638e+03,500000,max_evaluations,24.060691
atmals-gsk,cec2013,21,50,23,114242315,1.8221857638e+03,1.1221857638e+03,500000,max_evaluations,24.006551
atmals-gsk,cec2013,21,50,24,115242352,1.5364424878e+03,8.3644248782e+02,500000,max_evaluations,29.776800
atmals-gsk,cec2013,21,50,25,116242389,1.5364424878e+03,8.3644248782e+02,500000,max_evaluations,28.357270
atmals-gsk,cec2013,21,50,26,117242426,9.0000000000e+02,2.0000000000e+02,500000,max_evaluations,29.118839
atmals-gsk,cec2013,21,50,27,118242463,1.8223536752e+03,1.1223536752e+03,500000,max_evaluations,28.853602
atmals-gsk,cec2013,21,50,28,119242500,1.5364424878e+03,8.3644248782e+02,500000,max_evaluations,28.563918
atmals-gsk,cec2013,21,50,29,120242537,1.8221857638e+03,1.1221857638e+03,500000,max_evaluations,28.647027
atmals-gsk,cec2013,21,50,30,121242574,9.0000000000e+02,2.0000000000e+02,500000,max_evaluations,29.449934
atmals-gsk,cec2013,21,50,31,122242611,1.8221857638e+03,1.1221857638e+03,500000,max_evaluations,23.773094
atmals-gsk,cec2013,21,50,32,123242648,1.8221857638e+03,1.1221857638e+03,500000,max_evaluations,24.271305
atmals-gsk,cec2013,21,50,33,124242685,1.5364424878e+03,8.3644248782e+02,500000,max_evaluations,23.607686
atmals-gsk,cec2013,21,50,34,125242722,1.8221857638e+03,1.1221857638e+03,500000,max_evaluations,23.873578
atmals-gsk,cec2013,21,50,35,126242759,1.5364424878e+03,8.3644248782e+02,500000,max_evaluations,23.802492
atmals-gsk,cec2013,21,50,36,127242796,1.5364424878e+03,8.3644248782e+02,500000,max_evaluations,24.013403
atmals-gsk,cec2013,21,50,37,128242833,1.8221857638e+03,1.1221857638e+03,500000,max_evaluations,23.976271
atmals-gsk,cec2013,21,50,38,129242870,1.8223536752e+03,1.1223536752e+03,500000,max_evaluations,23.955333
atmals-gsk,cec2013,21,50,39,130242907,9.0000000000e+02,2.0000000000e+02,500000,max_evaluations,28.049783
atmals-gsk,cec2013,21,50,40,131242944,1.8221857638e+03,1.1221857638e+03,500000,max_evaluations,26.839609
atmals-gsk,cec2013,21,50,41,132242981,1.8221857638e+03,1.1221857638e+03,500000,max_evaluations,27.139159
atmals-gsk,cec2013,21,50,42,133243018,9.0000000000e+02,2.0000000000e+02,500000,max_evaluations,27.891981
atmals-gsk,cec2013,21,50,43,134243055,1.5364424878e+03,8.3644248782e+02,500000,max_evaluations,28.074987
atmals-gsk,cec2013,21,50,44,135243092,9.0000000000e+02,2.0000000000e+02,500000,max_evaluations,26.604565
atmals-gsk,cec2013,21,50,45,136243129,1.5364424878e+03,8.3644248782e+02,500000,max_evaluations,27.265765
atmals-gsk,cec2013,21,50,46,137243166,1.8221857638e+03,1.1221857638e+03,500000,max_evaluations,19.266512
atmals-gsk,cec2013,21,50,47,138243203,1.8221857638e+03,1.1221857638e+03,500000,max_evaluations,19.913703
atmals-gsk,cec2013,21,50,48,139243240,1.5364424878e+03,8.3644248782e+02,500000,max_evaluations,19.597360
atmals-gsk,cec2013,21,50,49,140243277,1.8223536752e+03,1.1223536752e+03,500000,max_evaluations,19.582817
atmals-gsk,cec2013,21,50,50,141243314,1.5364424878e+03,8.3644248782e+02,500000,max_evaluations,19.523896
atmals-gsk,cec2013,21,50,51,142243351,1.8221857638e+03,1.1221857638e+03,500000,max_evaluations,19.248980
atmals-gsk,cec2013,22,50,1,93241534,3.0427121797e+03,2.2427121797e+03,500000,max_evaluations,21.687542
atmals-gsk,cec2013,22,50,2,94241571,2.5859093607e+03,1.7859093607e+03,500000,max_evaluations,21.881454
atmals-gsk,cec2013,22,50,3,95241608,2.3561900820e+03,1.5561900820e+03,500000,max_evaluations,25.646302
atmals-gsk,cec2013,22,50,4,96241645,2.8031622934e+03,2.0031622934e+03,500000,max_evaluations,25.618368
atmals-gsk,cec2013,22,50,5,97241682,3.1727519763e+03,2.3727519763e+03,500000,max_evaluations,26.125995
atmals-gsk,cec2013,22,50,6,98241719,2.8869756634e+03,2.0869756634e+03,500000,max_evaluations,25.980402
atmals-gsk,cec2013,22,50,7,99241756,1.6997851884e+03,8.9978518838e+02,500000,max_evaluations,25.022796
atmals-gsk,cec2013,22,50,8,100241793,2.5264377210e+03,1.7264377210e+03,500000,max_evaluations,25.769824
atmals-gsk,cec2013,22,50,9,101241830,3.0005614613e+03,2.2005614613e+03,500000,max_evaluations,25.486125
atmals-gsk,cec2013,22,50,10,102241867,1.9643958956e+03,1.1643958956e+03,500000,max_evaluations,22.028986
atmals-gsk,cec2013,22,50,11,103241904,2.5269023578e+03,1.7269023578e+03,500000,max_evaluations,21.528628
atmals-gsk,cec2013,22,50,12,104241941,2.9742443151e+03,2.1742443151e+03,500000,max_evaluations,21.934045
atmals-gsk,cec2013,22,50,13,105241978,2.9338670295e+03,2.1338670295e+03,500000,max_evaluations,22.298617
atmals-gsk,cec2013,22,50,14,106242015,2.1942855960e+03,1.3942855960e+03,500000,max_evaluations,21.683857
atmals-gsk,cec2013,22,50,15,107242052,2.8028050387e+03,2.0028050387e+03,500000,max_evaluations,21.736088
atmals-gsk,cec2013,22,50,16,108242089,2.5973533387e+03,1.7973533387e+03,500000,max_evaluations,24.336766
atmals-gsk,cec2013,22,50,17,109242126,3.5535964540e+03,2.7535964540e+03,500000,max_evaluations,24.271448
atmals-gsk,cec2013,22,50,18,110242163,2.8465212861e+03,2.0465212861e+03,500000,max_evaluations,24.424752
atmals-gsk,cec2013,22,50,19,111242200,2.4717432836e+03,1.6717432836e+03,500000,max_evaluations,24.084165
atmals-gsk,cec2013,22,50,20,112242237,1.6712510470e+03,8.7125104695e+02,500000,max_evaluations,23.766945
atmals-gsk,cec2013,22,50,21,113242274,2.8299887701e+03,2.0299887701e+03,500000,max_evaluations,24.121204
atmals-gsk,cec2013,22,50,22,114242311,2.5516414539e+03,1.7516414539e+03,500000,max_evaluations,24.060925
atmals-gsk,cec2013,22,50,23,115242348,2.7136611642e+03,1.9136611642e+03,500000,max_evaluations,24.147839
atmals-gsk,cec2013,22,50,24,116242385,2.5157590418e+03,1.7157590418e+03,500000,max_evaluations,30.290906
atmals-gsk,cec2013,22,50,25,117242422,2.2962892526e+03,1.4962892526e+03,500000,max_evaluations,28.623213
atmals-gsk,cec2013,22,50,26,118242459,2.2875093489e+03,1.4875093489e+03,500000,max_evaluations,30.304371
atmals-gsk,cec2013,22,50,27,119242496,2.4511169810e+03,1.6511169810e+03,500000,max_evaluations,29.663971
atmals-gsk,cec2013,22,50,28,120242533,2.0251484940e+03,1.2251484940e+03,500000,max_evaluations,30.190531
atmals-gsk,cec2013,22,50,29,121242570,3.2867178769e+03,2.4867178769e+03,500000,max_evaluations,28.931372
atmals-gsk,cec2013,22,50,30,122242607,2.1470738398e+03,1.3470738398e+03,500000,max_evaluations,28.952662
atmals-gsk,cec2013,22,50,31,123242644,2.7816381945e+03,1.9816381945e+03,500000,max_evaluations,23.955779
atmals-gsk,cec2013,22,50,32,124242681,3.2562854194e+03,2.4562854194e+03,500000,max_evaluations,24.412803
atmals-gsk,cec2013,22,50,33,125242718,3.0402386746e+03,2.2402386746e+03,500000,max_evaluations,23.754177
atmals-gsk,cec2013,22,50,34,126242755,2.2670764693e+03,1.4670764693e+03,500000,max_evaluations,24.229520
atmals-gsk,cec2013,22,50,35,127242792,2.3819965050e+03,1.5819965050e+03,500000,max_evaluations,23.803961
atmals-gsk,cec2013,22,50,36,128242829,2.5107323337e+03,1.7107323337e+03,500000,max_evaluations,24.802125
atmals-gsk,cec2013,22,50,37,129242866,2.5951358176e+03,1.7951358176e+03,500000,max_evaluations,24.165639
atmals-gsk,cec2013,22,50,38,130242903,3.5428506688e+03,2.7428506688e+03,500000,max_evaluations,24.420817
atmals-gsk,cec2013,22,50,39,131242940,2.6810210727e+03,1.8810210727e+03,500000,max_evaluations,28.209656
atmals-gsk,cec2013,22,50,40,132242977,2.8100211788e+03,2.0100211788e+03,500000,max_evaluations,27.723566
atmals-gsk,cec2013,22,50,41,133243014,2.2918522972e+03,1.4918522972e+03,500000,max_evaluations,27.499144
atmals-gsk,cec2013,22,50,42,134243051,2.6195443496e+03,1.8195443496e+03,500000,max_evaluations,26.443591
atmals-gsk,cec2013,22,50,43,135243088,2.3207153686e+03,1.5207153686e+03,500000,max_evaluations,27.635251
atmals-gsk,cec2013,22,50,44,136243125,2.6525689580e+03,1.8525689580e+03,500000,max_evaluations,27.655889
atmals-gsk,cec2013,22,50,45,137243162,2.7699326157e+03,1.9699326157e+03,500000,max_evaluations,27.950575
atmals-gsk,cec2013,22,50,46,138243199,3.0992451680e+03,2.2992451680e+03,500000,max_evaluations,20.017873
atmals-gsk,cec2013,22,50,47,139243236,1.8632324817e+03,1.0632324817e+03,500000,max_evaluations,20.499419
atmals-gsk,cec2013,22,50,48,140243273,2.8584452309e+03,2.0584452309e+03,500000,max_evaluations,20.390043
atmals-gsk,cec2013,22,50,49,141243310,2.8268730936e+03,2.0268730936e+03,500000,max_evaluations,19.770099
atmals-gsk,cec2013,22,50,50,142243347,2.6122067239e+03,1.8122067239e+03,500000,max_evaluations,20.094016
atmals-gsk,cec2013,22,50,51,143243384,2.7828448393e+03,1.9828448393e+03,500000,max_evaluations,20.307092
atmals-gsk,cec2013,23,50,1,94241567,1.0460246355e+04,9.5602463551e+03,500000,max_evaluations,23.252623
atmals-gsk,cec2013,23,50,2,95241604,1.2428753132e+04,1.1528753132e+04,500000,max_evaluations,23.727797
atmals-gsk,cec2013,23,50,3,96241641,1.0039223758e+04,9.1392237581e+03,500000,max_evaluations,27.540585
atmals-gsk,cec2013,23,50,4,97241678,1.1733695917e+04,1.0833695917e+04,500000,max_evaluations,29.629985
atmals-gsk,cec2013,23,50,5,98241715,1.0780673321e+04,9.8806733213e+03,500000,max_evaluations,27.647924
atmals-gsk,cec2013,23,50,6,99241752,1.0208224662e+04,9.3082246616e+03,500000,max_evaluations,27.745241
atmals-gsk,cec2013,23,50,7,100241789,1.1140169526e+04,1.0240169526e+04,500000,max_evaluations,28.463154
atmals-gsk,cec2013,23,50,8,101241826,1.0881266137e+04,9.9812661368e+03,500000,max_evaluations,28.408467
atmals-gsk,cec2013,23,50,9,102241863,9.1537216339e+03,8.2537216339e+03,500000,max_evaluations,28.953253
atmals-gsk,cec2013,23,50,10,103241900,8.5152816499e+03,7.6152816499e+03,500000,max_evaluations,23.068754
atmals-gsk,cec2013,23,50,11,104241937,1.2189340895e+04,1.1289340895e+04,500000,max_evaluations,23.544387
atmals-gsk,cec2013,23,50,12,105241974,9.6329982739e+03,8.7329982739e+03,500000,max_evaluations,23.794166
atmals-gsk,cec2013,23,50,13,106242011,1.1864407180e+04,1.0964407180e+04,500000,max_evaluations,23.396709
atmals-gsk,cec2013,23,50,14,107242048,1.0602695291e+04,9.7026952915e+03,500000,max_evaluations,23.619226
atmals-gsk,cec2013,23,50,15,108242085,9.2937062796e+03,8.3937062796e+03,500000,max_evaluations,23.862484
atmals-gsk,cec2013,23,50,16,109242122,1.1682471062e+04,1.0782471062e+04,500000,max_evaluations,26.000960
atmals-gsk,cec2013,23,50,17,110242159,1.0860922586e+04,9.9609225860e+03,500000,max_evaluations,25.741196
atmals-gsk,cec2013,23,50,18,111242196,8.2224771874e+03,7.3224771874e+03,500000,max_evaluations,25.839792
atmals-gsk,cec2013,23,50,19,112242233,1.2032569209e+04,1.1132569209e+04,500000,max_evaluations,25.573609
atmals-gsk,cec2013,23,50,20,113242270,1.0104143188e+04,9.2041431877e+03,500000,max_evaluations,26.126204
atmals-gsk,cec2013,23,50,21,114242307,1.0017481180e+04,9.1174811800e+03,500000,max_evaluations,25.681750
atmals-gsk,cec2013,23,50,22,115242344,1.0823889399e+04,9.9238893988e+03,500000,max_evaluations,25.580828
atmals-gsk,cec2013,23,50,23,116242381,1.0994108991e+04,1.0094108991e+04,500000,max_evaluations,26.039846
atmals-gsk,cec2013,23,50,24,117242418,1.1596663108e+04,1.0696663108e+04,500000,max_evaluations,30.823685
atmals-gsk,cec2013,23,50,25,118242455,1.1104815804e+04,1.0204815804e+04,500000,max_evaluations,30.655959
atmals-gsk,cec2013,23,50,26,119242492,9.8989402308e+03,8.9989402308e+03,500000,max_evaluations,30.785810
atmals-gsk,cec2013,23,50,27,120242529,1.1814494652e+04,1.0914494652e+04,500000,max_evaluations,31.320081
atmals-gsk,cec2013,23,50,28,121242566,1.1903317940e+04,1.1003317940e+04,500000,max_evaluations,31.177711
atmals-gsk,cec2013,23,50,29,122242603,1.2071589479e+04,1.1171589479e+04,500000,max_evaluations,31.619917
atmals-gsk,cec2013,23,50,30,123242640,1.1560721559e+04,1.0660721559e+04,500000,max_evaluations,30.876162
atmals-gsk,cec2013,23,50,31,124242677,1.0271362110e+04,9.3713621099e+03,500000,max_evaluations,24.971300
atmals-gsk,cec2013,23,50,32,125242714,1.2681457055e+04,1.1781457055e+04,500000,max_evaluations,25.111522
atmals-gsk,cec2013,23,50,33,126242751,1.1797982296e+04,1.0897982296e+04,500000,max_evaluations,25.254964
atmals-gsk,cec2013,23,50,34,127242788,1.0911942110e+04,1.0011942110e+04,500000,max_evaluations,25.842172
atmals-gsk,cec2013,23,50,35,128242825,1.0011949576e+04,9.1119495756e+03,500000,max_evaluations,25.265314
atmals-gsk,cec2013,23,50,36,129242862,1.0746250081e+04,9.8462500808e+03,500000,max_evaluations,25.515562
atmals-gsk,cec2013,23,50,37,130242899,1.2066564345e+04,1.1166564345e+04,500000,max_evaluations,24.678570
atmals-gsk,cec2013,23,50,38,131242936,9.7902964877e+03,8.8902964877e+03,500000,max_evaluations,25.395592
atmals-gsk,cec2013,23,50,39,132242973,1.1744919600e+04,1.0844919600e+04,500000,max_evaluations,28.543742
atmals-gsk,cec2013,23,50,40,133243010,1.1979651161e+04,1.1079651161e+04,500000,max_evaluations,30.810593
atmals-gsk,cec2013,23,50,41,134243047,9.7205400050e+03,8.8205400050e+03,500000,max_evaluations,29.438554
atmals-gsk,cec2013,23,50,42,135243084,1.0613763509e+04,9.7137635085e+03,500000,max_evaluations,28.515628
atmals-gsk,cec2013,23,50,43,136243121,9.9365109108e+03,9.0365109108e+03,500000,max_evaluations,28.905382
atmals-gsk,cec2013,23,50,44,137243158,1.1135535937e+04,1.0235535937e+04,500000,max_evaluations,29.222941
atmals-gsk,cec2013,23,50,45,138243195,1.1709281334e+04,1.0809281334e+04,500000,max_evaluations,28.293273
atmals-gsk,cec2013,23,50,46,139243232,1.1336456064e+04,1.0436456064e+04,500000,max_evaluations,21.399475
atmals-gsk,cec2013,23,50,47,140243269,8.5567286493e+03,7.6567286493e+03,500000,max_evaluations,21.364422
atmals-gsk,cec2013,23,50,48,141243306,1.2445881511e+04,1.1545881511e+04,500000,max_evaluations,21.240916
atmals-gsk,cec2013,23,50,49,142243343,1.0537496862e+04,9.6374968624e+03,500000,max_evaluations,21.611632
atmals-gsk,cec2013,23,50,50,143243380,1.3628564624e+04,1.2728564624e+04,500000,max_evaluations,21.342603
atmals-gsk,cec2013,23,50,51,144243417,9.3392478685e+03,8.4392478685e+03,500000,max_evaluations,21.067281
atmals-gsk,cec2013,24,50,1,95241600,1.2442300555e+03,2.4423005553e+02,500000,max_evaluations,37.851180
atmals-gsk,cec2013,24,50,2,96241637,1.2298922964e+03,2.2989229639e+02,500000,max_evaluations,37.775217
atmals-gsk,cec2013,24,50,3,97241674,1.2780499270e+03,2.7804992701e+02,500000,max_evaluations,45.508966
atmals-gsk,cec2013,24,50,4,98241711,1.2648320494e+03,2.6483204936e+02,500000,max_evaluations,45.703188
atmals-gsk,cec2013,24,50,5,99241748,1.2426701763e+03,2.4267017626e+02,500000,max_evaluations,44.772277
atmals-gsk,cec2013,24,50,6,100241785,1.2279753810e+03,2.2797538102e+02,500000,max_evaluations,45.314819
atmals-gsk,cec2013,24,50,7,101241822,1.2154667977e+03,2.1546679770e+02,500000,max_evaluations,45.485405
atmals-gsk,cec2013,24,50,8,102241859,1.2283112729e+03,2.2831127292e+02,500000,max_evaluations,44.406809
atmals-gsk,cec2013,24,50,9,103241896,1.2616043377e+03,2.6160433767e+02,500000,max_evaluations,44.312114
atmals-gsk,cec2013,24,50,10,104241933,1.2417035144e+03,2.4170351435e+02,500000,max_evaluations,38.028288
atmals-gsk,cec2013,24,50,11,105241970,1.2584100567e+03,2.5841005668e+02,500000,max_evaluations,37.736275
atmals-gsk,cec2013,24,50,12,106242007,1.2475682231e+03,2.4756822309e+02,500000,max_evaluations,37.554365
atmals-gsk,cec2013,24,50,13,107242044,1.2284588489e+03,2.2845884889e+02,500000,max_evaluations,37.352852
atmals-gsk,cec2013,24,50,14,108242081,1.2245240422e+03,2.2452404220e+02,500000,max_evaluations,38.090066
atmals-gsk,cec2013,24,50,15,109242118,1.2562946121e+03,2.5629461212e+02,500000,max_evaluations,37.837996
atmals-gsk,cec2013,24,50,16,110242155,1.2548821050e+03,2.5488210503e+02,500000,max_evaluations,39.405851
atmals-gsk,cec2013,24,50,17,111242192,1.2311299360e+03,2.3112993595e+02,500000,max_evaluations,39.668853
atmals-gsk,cec2013,24,50,18,112242229,1.2698682764e+03,2.6986827643e+02,500000,max_evaluations,39.580485
atmals-gsk,cec2013,24,50,19,113242266,1.2673038509e+03,2.6730385087e+02,500000,max_evaluations,39.549634
atmals-gsk,cec2013,24,50,20,114242303,1.2803803842e+03,2.8038038420e+02,500000,max_evaluations,40.290616
atmals-gsk,cec2013,24,50,21,115242340,1.2411652978e+03,2.4116529784e+02,500000,max_evaluations,39.303663
atmals-gsk,cec2013,24,50,22,116242377,1.2290410564e+03,2.2904105642e+02,500000,max_evaluations,39.308690
atmals-gsk,cec2013,24,50,23,117242414,1.2486923859e+03,2.4869238590e+02,500000,max_evaluations,39.148569
atmals-gsk,cec2013,24,50,24,118242451,1.2528284810e+03,2.5282848099e+02,500000,max_evaluations,48.772011
atmals-gsk,cec2013,24,50,25,119242488,1.2300928984e+03,2.3009289835e+02,500000,max_evaluations,49.159775
atmals-gsk,cec2013,24,50,26,120242525,1.2389443515e+03,2.3894435145e+02,500000,max_evaluations,49.497612
atmals-gsk,cec2013,24,50,27,121242562,1.2410939394e+03,2.4109393945e+02,500000,max_evaluations,49.381355
atmals-gsk,cec2013,24,50,28,122242599,1.2318490028e+03,2.3184900278e+02,500000,max_evaluations,49.250561
atmals-gsk,cec2013,24,50,29,123242636,1.2617679417e+03,2.6176794165e+02,500000,max_evaluations,48.942567
atmals-gsk,cec2013,24,50,30,124242673,1.2652065692e+03,2.6520656923e+02,500000,max_evaluations,48.315327
atmals-gsk,cec2013,24,50,31,125242710,1.2553060402e+03,2.5530604022e+02,500000,max_evaluations,40.033855
atmals-gsk,cec2013,24,50,32,126242747,1.2242960604e+03,2.2429606044e+02,500000,max_evaluations,39.832919
atmals-gsk,cec2013,24,50,33,127242784,1.2555580180e+03,2.5555801803e+02,500000,max_evaluations,39.720335
atmals-gsk,cec2013,24,50,34,128242821,1.2560489143e+03,2.5604891428e+02,500000,max_evaluations,38.389208
atmals-gsk,cec2013,24,50,35,129242858,1.2318452827e+03,2.3184528273e+02,500000,max_evaluations,39.500424
atmals-gsk,cec2013,24,50,36,130242895,1.2795211154e+03,2.7952111540e+02,500000,max_evaluations,39.963273
atmals-gsk,cec2013,24,50,37,131242932,1.2263137805e+03,2.2631378049e+02,500000,max_evaluations,39.205127
atmals-gsk,cec2013,24,50,38,132242969,1.2476130715e+03,2.4761307155e+02,500000,max_evaluations,39.249405
atmals-gsk,cec2013,24,50,39,133243006,1.2637913232e+03,2.6379132318e+02,500000,max_evaluations,44.743572
atmals-gsk,cec2013,24,50,40,134243043,1.2334517661e+03,2.3345176606e+02,500000,max_evaluations,45.136858
atmals-gsk,cec2013,24,50,41,135243080,1.2763788550e+03,2.7637885496e+02,500000,max_evaluations,44.697208
atmals-gsk,cec2013,24,50,42,136243117,1.2608970782e+03,2.6089707818e+02,500000,max_evaluations,45.439974
atmals-gsk,cec2013,24,50,43,137243154,1.2693565523e+03,2.6935655232e+02,500000,max_evaluations,46.232077
atmals-gsk,cec2013,24,50,44,138243191,1.2487492912e+03,2.4874929121e+02,500000,max_evaluations,43.992296
atmals-gsk,cec2013,24,50,45,139243228,1.2315277611e+03,2.3152776106e+02,500000,max_evaluations,46.994865
atmals-gsk,cec2013,24,50,46,140243265,1.2496235438e+03,2.4962354380e+02,500000,max_evaluations,34.771810
atmals-gsk,cec2013,24,50,47,141243302,1.2540970853e+03,2.5409708527e+02,500000,max_evaluations,33.331711
atmals-gsk,cec2013,24,50,48,142243339,1.2618147752e+03,2.6181477524e+02,500000,max_evaluations,33.948846
atmals-gsk,cec2013,24,50,49,143243376,1.2566497322e+03,2.5664973222e+02,500000,max_evaluations,33.788948
atmals-gsk,cec2013,24,50,50,144243413,1.2825355205e+03,2.8253552047e+02,500000,max_evaluations,34.525969
atmals-gsk,cec2013,24,50,51,145243450,1.2652693051e+03,2.6526930513e+02,500000,max_evaluations,34.566209
atmals-gsk,cec2013,25,50,1,96241633,1.4471484841e+03,3.4714848406e+02,500000,max_evaluations,46.190695
atmals-gsk,cec2013,25,50,2,97241670,1.4336265147e+03,3.3362651465e+02,500000,max_evaluations,43.646037
atmals-gsk,cec2013,25,50,3,98241707,1.4685248072e+03,3.6852480719e+02,500000,max_evaluations,50.635806
atmals-gsk,cec2013,25,50,4,99241744,1.4371617347e+03,3.3716173466e+02,500000,max_evaluations,46.957982
atmals-gsk,cec2013,25,50,5,100241781,1.4225262823e+03,3.2252628230e+02,500000,max_evaluations,48.159480
atmals-gsk,cec2013,25,50,6,101241818,1.4598873486e+03,3.5988734859e+02,500000,max_evaluations,47.882481
atmals-gsk,cec2013,25,50,7,102241855,1.4784983994e+03,3.7849839942e+02,500000,max_evaluations,51.501594
atmals-gsk,cec2013,25,50,8,103241892,1.4186661384e+03,3.1866613840e+02,500000,max_evaluations,48.468433
atmals-gsk,cec2013,25,50,9,104241929,1.4301795446e+03,3.3017954462e+02,500000,max_evaluations,48.023653
atmals-gsk,cec2013,25,50,10,105241966,1.4384322108e+03,3.3843221085e+02,500000,max_evaluations,43.234183
atmals-gsk,cec2013,25,50,11,106242003,1.4623146844e+03,3.6231468442e+02,500000,max_evaluations,44.783754
atmals-gsk,cec2013,25,50,12,107242040,1.4452868991e+03,3.4528689907e+02,500000,max_evaluations,47.345957
atmals-gsk,cec2013,25,50,13,108242077,1.4324443116e+03,3.3244431156e+02,500000,max_evaluations,43.060986
atmals-gsk,cec2013,25,50,14,109242114,1.4386133718e+03,3.3861337178e+02,500000,max_evaluations,45.589017
atmals-gsk,cec2013,25,50,15,110242151,1.4577575027e+03,3.5775750271e+02,500000,max_evaluations,43.544454
atmals-gsk,cec2013,25,50,16,111242188,1.4525908874e+03,3.5259088739e+02,500000,max_evaluations,42.350456
atmals-gsk,cec2013,25,50,17,112242225,1.4625520125e+03,3.6255201251e+02,500000,max_evaluations,43.678782
atmals-gsk,cec2013,25,50,18,113242262,1.4404213363e+03,3.4042133631e+02,500000,max_evaluations,46.119741
atmals-gsk,cec2013,25,50,19,114242299,1.4954533337e+03,3.9545333370e+02,500000,max_evaluations,47.693748
atmals-gsk,cec2013,25,50,20,115242336,1.4548779135e+03,3.5487791348e+02,500000,max_evaluations,46.096882
atmals-gsk,cec2013,25,50,21,116242373,1.4396320882e+03,3.3963208818e+02,500000,max_evaluations,44.298569
atmals-gsk,cec2013,25,50,22,117242410,1.4456557616e+03,3.4565576165e+02,500000,max_evaluations,47.040593
atmals-gsk,cec2013,25,50,23,118242447,1.4516888975e+03,3.5168889751e+02,500000,max_evaluations,51.074360
atmals-gsk,cec2013,25,50,24,119242484,1.4692016750e+03,3.6920167500e+02,500000,max_evaluations,43.810978
atmals-gsk,cec2013,25,50,25,120242521,1.4632259748e+03,3.6322597484e+02,500000,max_evaluations,52.384633
atmals-gsk,cec2013,25,50,26,121242558,1.4856602534e+03,3.8566025338e+02,500000,max_evaluations,53.213494
atmals-gsk,cec2013,25,50,27,122242595,1.4541306763e+03,3.5413067627e+02,500000,max_evaluations,50.604162
atmals-gsk,cec2013,25,50,28,123242632,1.4598905571e+03,3.5989055710e+02,500000,max_evaluations,52.611266
atmals-gsk,cec2013,25,50,29,124242669,1.4637136822e+03,3.6371368223e+02,500000,max_evaluations,54.812967
atmals-gsk,cec2013,25,50,30,125242706,1.4682139844e+03,3.6821398438e+02,500000,max_evaluations,53.569880
atmals-gsk,cec2013,25,50,31,126242743,1.4265176924e+03,3.2651769235e+02,500000,max_evaluations,44.782537
atmals-gsk,cec2013,25,50,32,127242780,1.4252805771e+03,3.2528057711e+02,500000,max_evaluations,46.051367
atmals-gsk,cec2013,25,50,33,128242817,1.4792847634e+03,3.7928476339e+02,500000,max_evaluations,47.915151
atmals-gsk,cec2013,25,50,34,129242854,1.4360061966e+03,3.3600619662e+02,500000,max_evaluations,43.223565
atmals-gsk,cec2013,25,50,35,130242891,1.4734985617e+03,3.7349856173e+02,500000,max_evaluations,46.102537
atmals-gsk,cec2013,25,50,36,131242928,1.4218744990e+03,3.2187449896e+02,500000,max_evaluations,47.194035
atmals-gsk,cec2013,25,50,37,132242965,1.4670894133e+03,3.6708941328e+02,500000,max_evaluations,43.796136
atmals-gsk,cec2013,25,50,38,133243002,1.5005484949e+03,4.0054849489e+02,500000,max_evaluations,47.696154
atmals-gsk,cec2013,25,50,39,134243039,1.4840886858e+03,3.8408868578e+02,500000,max_evaluations,52.911694
atmals-gsk,cec2013,25,50,40,135243076,1.4681194636e+03,3.6811946358e+02,500000,max_evaluations,49.036927
atmals-gsk,cec2013,25,50,41,136243113,1.4318940729e+03,3.3189407294e+02,500000,max_evaluations,49.069504
atmals-gsk,cec2013,25,50,42,137243150,1.4436252772e+03,3.4362527724e+02,500000,max_evaluations,49.655296
atmals-gsk,cec2013,25,50,43,138243187,1.4944759571e+03,3.9447595708e+02,500000,max_evaluations,51.169445
atmals-gsk,cec2013,25,50,44,139243224,1.4299713053e+03,3.2997130531e+02,500000,max_evaluations,48.229183
atmals-gsk,cec2013,25,50,45,140243261,1.4720857651e+03,3.7208576511e+02,500000,max_evaluations,50.183647
atmals-gsk,cec2013,25,50,46,141243298,1.4451369897e+03,3.4513698966e+02,500000,max_evaluations,36.165581
atmals-gsk,cec2013,25,50,47,142243335,1.4578519907e+03,3.5785199075e+02,500000,max_evaluations,35.982258
atmals-gsk,cec2013,25,50,48,143243372,1.4738212899e+03,3.7382128985e+02,500000,max_evaluations,35.797587
atmals-gsk,cec2013,25,50,49,144243409,1.4644858192e+03,3.6448581919e+02,500000,max_evaluations,35.848696
atmals-gsk,cec2013,25,50,50,145243446,1.4451349756e+03,3.4513497562e+02,500000,max_evaluations,34.007054
atmals-gsk,cec2013,25,50,51,146243483,1.4393662814e+03,3.3936628137e+02,500000,max_evaluations,34.824982
atmals-gsk,cec2013,26,50,1,97241666,1.5602240501e+03,3.6022405006e+02,500000,max_evaluations,42.443751
atmals-gsk,cec2013,26,50,2,98241703,1.4000203227e+03,2.0002032274e+02,500000,max_evaluations,44.498529
atmals-gsk,cec2013,26,50,3,99241740,1.5514861540e+03,3.5148615402e+02,500000,max_evaluations,48.503829
atmals-gsk,cec2013,26,50,4,100241777,1.5601307479e+03,3.6013074791e+02,500000,max_evaluations,49.574918
atmals-gsk,cec2013,26,50,5,101241814,1.5708755296e+03,3.7087552963e+02,500000,max_evaluations,49.060056
atmals-gsk,cec2013,26,50,6,102241851,1.4000264533e+03,2.0002645327e+02,500000,max_evaluations,55.285679
atmals-gsk,cec2013,26,50,7,103241888,1.4000125231e+03,2.0001252308e+02,500000,max_evaluations,53.639402
atmals-gsk,cec2013,26,50,8,104241925,1.4000080240e+03,2.0000802404e+02,500000,max_evaluations,53.779806
atmals-gsk,cec2013,26,50,9,105241962,1.4000127979e+03,2.0001279788e+02,500000,max_evaluations,53.433223
atmals-gsk,cec2013,26,50,10,106241999,1.5519117927e+03,3.5191179265e+02,500000,max_evaluations,40.792664
atmals-gsk,cec2013,26,50,11,107242036,1.4000180962e+03,2.0001809618e+02,500000,max_evaluations,44.407662
atmals-gsk,cec2013,26,50,12,108242073,1.6487126012e+03,4.4871260124e+02,500000,max_evaluations,45.665422
atmals-gsk,cec2013,26,50,13,109242110,1.5326573576e+03,3.3265735762e+02,500000,max_evaluations,40.421596
atmals-gsk,cec2013,26,50,14,110242147,1.5682946799e+03,3.6829467993e+02,500000,max_evaluations,41.657483
atmals-gsk,cec2013,26,50,15,111242184,1.4000101248e+03,2.0001012478e+02,500000,max_evaluations,44.413279
atmals-gsk,cec2013,26,50,16,112242221,1.5487704918e+03,3.4877049176e+02,500000,max_evaluations,42.137062
atmals-gsk,cec2013,26,50,17,113242258,1.4000055874e+03,2.0000558742e+02,500000,max_evaluations,46.648109
atmals-gsk,cec2013,26,50,18,114242295,1.5698092922e+03,3.6980929217e+02,500000,max_evaluations,44.571124
atmals-gsk,cec2013,26,50,19,115242332,1.4000096266e+03,2.0000962656e+02,500000,max_evaluations,47.105355
atmals-gsk,cec2013,26,50,20,116242369,1.4000124882e+03,2.0001248825e+02,500000,max_evaluations,45.882867
atmals-gsk,cec2013,26,50,21,117242406,1.5590625286e+03,3.5906252858e+02,500000,max_evaluations,45.678924
atmals-gsk,cec2013,26,50,22,118242443,1.5734163825e+03,3.7341638253e+02,500000,max_evaluations,43.265424
atmals-gsk,cec2013,26,50,23,119242480,1.5472756754e+03,3.4727567541e+02,500000,max_evaluations,41.801015
atmals-gsk,cec2013,26,50,24,120242517,1.4000084249e+03,2.0000842495e+02,500000,max_evaluations,58.742364
atmals-gsk,cec2013,26,50,25,121242554,1.4000083126e+03,2.0000831261e+02,500000,max_evaluations,57.908063
atmals-gsk,cec2013,26,50,26,122242591,1.5615151279e+03,3.6151512790e+02,500000,max_evaluations,52.977266
atmals-gsk,cec2013,26,50,27,123242628,1.4000060011e+03,2.0000600111e+02,500000,max_evaluations,56.672601
atmals-gsk,cec2013,26,50,28,124242665,1.4000138095e+03,2.0001380947e+02,500000,max_evaluations,57.374931
atmals-gsk,cec2013,26,50,29,125242702,1.6622883387e+03,4.6228833871e+02,500000,max_evaluations,58.483089
atmals-gsk,cec2013,26,50,30,126242739,1.5851380713e+03,3.8513807128e+02,500000,max_evaluations,53.900408
atmals-gsk,cec2013,26,50,31,127242776,1.5657891958e+03,3.6578919581e+02,500000,max_evaluations,44.669556
atmals-gsk,cec2013,26,50,32,128242813,1.4000065700e+03,2.0000657001e+02,500000,max_evaluations,46.527391
atmals-gsk,cec2013,26,50,33,129242850,1.4000078874e+03,2.0000788740e+02,500000,max_evaluations,46.336419
atmals-gsk,cec2013,26,50,34,130242887,1.5691251573e+03,3.6912515729e+02,500000,max_evaluations,42.637265
atmals-gsk,cec2013,26,50,35,131242924,1.4000030884e+03,2.0000308842e+02,500000,max_evaluations,45.558983
atmals-gsk,cec2013,26,50,36,132242961,1.4000116157e+03,2.0001161573e+02,500000,max_evaluations,47.008629
atmals-gsk,cec2013,26,50,37,133242998,1.6493870127e+03,4.4938701272e+02,500000,max_evaluations,47.787149
atmals-gsk,cec2013,26,50,38,134243035,1.4000166422e+03,2.0001664221e+02,500000,max_evaluations,47.677995
atmals-gsk,cec2013,26,50,39,135243072,1.5623357876e+03,3.6233578759e+02,500000,max_evaluations,52.022268
atmals-gsk,cec2013,26,50,40,136243109,1.4000075688e+03,2.0000756883e+02,500000,max_evaluations,53.757127
atmals-gsk,cec2013,26,50,41,137243146,1.4000055725e+03,2.0000557245e+02,500000,max_evaluations,54.214310
atmals-gsk,cec2013,26,50,42,138243183,1.5385809626e+03,3.3858096263e+02,500000,max_evaluations,50.261377
atmals-gsk,cec2013,26,50,43,139243220,1.5713794417e+03,3.7137944167e+02,500000,max_evaluations,49.869392
atmals-gsk,cec2013,26,50,44,140243257,1.4000131717e+03,2.0001317171e+02,500000,max_evaluations,52.587155
atmals-gsk,cec2013,26,50,45,141243294,1.5407124532e+03,3.4071245319e+02,500000,max_evaluations,48.381972
atmals-gsk,cec2013,26,50,46,142243331,1.4000180942e+03,2.0001809415e+02,500000,max_evaluations,43.359828
atmals-gsk,cec2013,26,50,47,143243368,1.5610517601e+03,3.6105176008e+02,500000,max_evaluations,39.597407
atmals-gsk,cec2013,26,50,48,144243405,1.6651763425e+03,4.6517634247e+02,500000,max_evaluations,41.181524
atmals-gsk,cec2013,26,50,49,145243442,1.5563759725e+03,3.5637597252e+02,500000,max_evaluations,38.236948
atmals-gsk,cec2013,26,50,50,146243479,1.4000116833e+03,2.0001168332e+02,500000,max_evaluations,40.783966
atmals-gsk,cec2013,26,50,51,147243516,1.4000164372e+03,2.0001643723e+02,500000,max_evaluations,39.220040
atmals-gsk,cec2013,27,50,1,98241699,1.9706533881e+03,6.7065338809e+02,500000,max_evaluations,40.388238
atmals-gsk,cec2013,27,50,2,99241736,2.0806377432e+03,7.8063774317e+02,500000,max_evaluations,40.555852
atmals-gsk,cec2013,27,50,3,100241773,2.3073135617e+03,1.0073135617e+03,500000,max_evaluations,49.376703
atmals-gsk,cec2013,27,50,4,101241810,2.2770603887e+03,9.7706038870e+02,500000,max_evaluations,50.921406
atmals-gsk,cec2013,27,50,5,102241847,2.4855400180e+03,1.1855400180e+03,500000,max_evaluations,48.737543
atmals-gsk,cec2013,27,50,6,103241884,2.2132352895e+03,9.1323528953e+02,500000,max_evaluations,48.172414
atmals-gsk,cec2013,27,50,7,104241921,2.2783033626e+03,9.7830336262e+02,500000,max_evaluations,49.597710
atmals-gsk,cec2013,27,50,8,105241958,2.4650423870e+03,1.1650423870e+03,500000,max_evaluations,50.996917
atmals-gsk,cec2013,27,50,9,106241995,2.1474608316e+03,8.4746083158e+02,500000,max_evaluations,48.671077
atmals-gsk,cec2013,27,50,10,107242032,1.8730896799e+03,5.7308967989e+02,500000,max_evaluations,41.569992
atmals-gsk,cec2013,27,50,11,108242069,2.3088985198e+03,1.0088985198e+03,500000,max_evaluations,41.611717
atmals-gsk,cec2013,27,50,12,109242106,1.9638283582e+03,6.6382835824e+02,500000,max_evaluations,40.658542
atmals-gsk,cec2013,27,50,13,110242143,2.2514341569e+03,9.5143415691e+02,500000,max_evaluations,40.367996
atmals-gsk,cec2013,27,50,14,111242180,2.3813196699e+03,1.0813196699e+03,500000,max_evaluations,43.570440
atmals-gsk,cec2013,27,50,15,112242217,2.2185669789e+03,9.1856697887e+02,500000,max_evaluations,40.536076
atmals-gsk,cec2013,27,50,16,113242254,2.2365316834e+03,9.3653168337e+02,500000,max_evaluations,43.872793
atmals-gsk,cec2013,27,50,17,114242291,2.1071472116e+03,8.0714721157e+02,500000,max_evaluations,43.207536
atmals-gsk,cec2013,27,50,18,115242328,2.2235372531e+03,9.2353725308e+02,500000,max_evaluations,43.691419
atmals-gsk,cec2013,27,50,19,116242365,2.2899330937e+03,9.8993309370e+02,500000,max_evaluations,44.009650
atmals-gsk,cec2013,27,50,20,117242402,2.2754472528e+03,9.7544725282e+02,500000,max_evaluations,44.699563
atmals-gsk,cec2013,27,50,21,118242439,2.2100270607e+03,9.1002706072e+02,500000,max_evaluations,43.971639
atmals-gsk,cec2013,27,50,22,119242476,2.3404298840e+03,1.0404298840e+03,500000,max_evaluations,45.812792
atmals-gsk,cec2013,27,50,23,120242513,2.2270203660e+03,9.2702036605e+02,500000,max_evaluations,43.998579
atmals-gsk,cec2013,27,50,24,121242550,1.9894543504e+03,6.8945435035e+02,500000,max_evaluations,51.942306
atmals-gsk,cec2013,27,50,25,122242587,2.1335945762e+03,8.3359457624e+02,500000,max_evaluations,53.633593
atmals-gsk,cec2013,27,50,26,123242624,2.0604509141e+03,7.6045091410e+02,500000,max_evaluations,50.917177
atmals-gsk,cec2013,27,50,27,124242661,2.1133182516e+03,8.1331825162e+02,500000,max_evaluations,51.345139
atmals-gsk,cec2013,27,50,28,125242698,2.3384199317e+03,1.0384199317e+03,500000,max_evaluations,53.557653
atmals-gsk,cec2013,27,50,29,126242735,2.1288873543e+03,8.2888735431e+02,500000,max_evaluations,51.838949
atmals-gsk,cec2013,27,50,30,127242772,2.2956601884e+03,9.9566018841e+02,500000,max_evaluations,53.452338
atmals-gsk,cec2013,27,50,31,128242809,1.9344480303e+03,6.3444803026e+02,500000,max_evaluations,41.521851
atmals-gsk,cec2013,27,50,32,129242846,2.3463383637e+03,1.0463383637e+03,500000,max_evaluations,43.251850
atmals-gsk,cec2013,27,50,33,130242883,2.3837223349e+03,1.0837223349e+03,500000,max_evaluations,43.238693
atmals-gsk,cec2013,27,50,34,131242920,2.3067843615e+03,1.0067843615e+03,500000,max_evaluations,44.977014
atmals-gsk,cec2013,27,50,35,132242957,2.2494110628e+03,9.4941106276e+02,500000,max_evaluations,43.836194
atmals-gsk,cec2013,27,50,36,133242994,2.4355922492e+03,1.1355922492e+03,500000,max_evaluations,44.619193
atmals-gsk,cec2013,27,50,37,134243031,2.2977205589e+03,9.9772055888e+02,500000,max_evaluations,44.587035
atmals-gsk,cec2013,27,50,38,135243068,2.1982264468e+03,8.9822644677e+02,500000,max_evaluations,44.199220
atmals-gsk,cec2013,27,50,39,136243105,2.2963076577e+03,9.9630765767e+02,500000,max_evaluations,49.720250
atmals-gsk,cec2013,27,50,40,137243142,2.3705064506e+03,1.0705064506e+03,500000,max_evaluations,50.387098
atmals-gsk,cec2013,27,50,41,138243179,2.3337606439e+03,1.0337606439e+03,500000,max_evaluations,48.881220
atmals-gsk,cec2013,27,50,42,139243216,2.3564625800e+03,1.0564625800e+03,500000,max_evaluations,49.873192
atmals-gsk,cec2013,27,50,43,140243253,2.1774685332e+03,8.7746853320e+02,500000,max_evaluations,48.908232
atmals-gsk,cec2013,27,50,44,141243290,2.2879479067e+03,9.8794790675e+02,500000,max_evaluations,48.610807
atmals-gsk,cec2013,27,50,45,142243327,1.8648349901e+03,5.6483499013e+02,500000,max_evaluations,47.165348
atmals-gsk,cec2013,27,50,46,143243364,1.9658828650e+03,6.6588286496e+02,500000,max_evaluations,37.522903
atmals-gsk,cec2013,27,50,47,144243401,2.2642337385e+03,9.6423373854e+02,500000,max_evaluations,37.095218
atmals-gsk,cec2013,27,50,48,145243438,2.3423864342e+03,1.0423864342e+03,500000,max_evaluations,36.657551
atmals-gsk,cec2013,27,50,49,146243475,2.3061585706e+03,1.0061585706e+03,500000,max_evaluations,35.931252
atmals-gsk,cec2013,27,50,50,147243512,2.2059714343e+03,9.0597143426e+02,500000,max_evaluations,35.554581
atmals-gsk,cec2013,27,50,51,148243549,2.4148454978e+03,1.1148454978e+03,500000,max_evaluations,35.206652
atmals-gsk,cec2013,28,50,1,99241732,1.8000000000e+03,4.0000000000e+02,500000,max_evaluations,26.844997
atmals-gsk,cec2013,28,50,2,100241769,1.8000000000e+03,4.0000000000e+02,500000,max_evaluations,26.932749
atmals-gsk,cec2013,28,50,3,101241806,1.8000000000e+03,4.0000000000e+02,500000,max_evaluations,32.369156
atmals-gsk,cec2013,28,50,4,102241843,1.8000000000e+03,4.0000000000e+02,500000,max_evaluations,31.527143
atmals-gsk,cec2013,28,50,5,103241880,1.8000000000e+03,4.0000000000e+02,500000,max_evaluations,32.030852
atmals-gsk,cec2013,28,50,6,104241917,1.8000000000e+03,4.0000000000e+02,500000,max_evaluations,31.717962
atmals-gsk,cec2013,28,50,7,105241954,1.8000000000e+03,4.0000000000e+02,500000,max_evaluations,31.741411
atmals-gsk,cec2013,28,50,8,106241991,1.8000000000e+03,4.0000000000e+02,500000,max_evaluations,31.756693
atmals-gsk,cec2013,28,50,9,107242028,1.8000000000e+03,4.0000000000e+02,500000,max_evaluations,32.135260
atmals-gsk,cec2013,28,50,10,108242065,1.8000000000e+03,4.0000000000e+02,500000,max_evaluations,26.970143
atmals-gsk,cec2013,28,50,11,109242102,1.8000000000e+03,4.0000000000e+02,500000,max_evaluations,27.716324
atmals-gsk,cec2013,28,50,12,110242139,1.8000000000e+03,4.0000000000e+02,500000,max_evaluations,27.987797
atmals-gsk,cec2013,28,50,13,111242176,1.8000000000e+03,4.0000000000e+02,500000,max_evaluations,26.982184
atmals-gsk,cec2013,28,50,14,112242213,1.8000000000e+03,4.0000000000e+02,500000,max_evaluations,27.166356
atmals-gsk,cec2013,28,50,15,113242250,1.8000000000e+03,4.0000000000e+02,500000,max_evaluations,26.564964
atmals-gsk,cec2013,28,50,16,114242287,1.8000000000e+03,4.0000000000e+02,500000,max_evaluations,28.810411
atmals-gsk,cec2013,28,50,17,115242324,1.8000000000e+03,4.0000000000e+02,500000,max_evaluations,28.685048
atmals-gsk,cec2013,28,50,18,116242361,4.7319391380e+03,3.3319391380e+03,500000,max_evaluations,30.056550
atmals-gsk,cec2013,28,50,19,117242398,1.8000000000e+03,4.0000000000e+02,500000,max_evaluations,28.403820
atmals-gsk,cec2013,28,50,20,118242435,4.7423651813e+03,3.3423651813e+03,500000,max_evaluations,29.871674
atmals-gsk,cec2013,28,50,21,119242472,1.8000000000e+03,4.0000000000e+02,500000,max_evaluations,29.638767
atmals-gsk,cec2013,28,50,22,120242509,1.8000000000e+03,4.0000000000e+02,500000,max_evaluations,28.084613
atmals-gsk,cec2013,28,50,23,121242546,1.8000000000e+03,4.0000000000e+02,500000,max_evaluations,29.003905
atmals-gsk,cec2013,28,50,24,122242583,1.8000000000e+03,4.0000000000e+02,500000,max_evaluations,34.940487
atmals-gsk,cec2013,28,50,25,123242620,1.8000000000e+03,4.0000000000e+02,500000,max_evaluations,34.148546
atmals-gsk,cec2013,28,50,26,124242657,1.8000000000e+03,4.0000000000e+02,500000,max_evaluations,35.395575
atmals-gsk,cec2013,28,50,27,125242694,4.7808700595e+03,3.3808700595e+03,500000,max_evaluations,34.618806
atmals-gsk,cec2013,28,50,28,126242731,1.8000000000e+03,4.0000000000e+02,500000,max_evaluations,33.719332
atmals-gsk,cec2013,28,50,29,127242768,1.8000000000e+03,4.0000000000e+02,500000,max_evaluations,34.904008
atmals-gsk,cec2013,28,50,30,128242805,1.8000000000e+03,4.0000000000e+02,500000,max_evaluations,34.953137
atmals-gsk,cec2013,28,50,31,129242842,1.8000000000e+03,4.0000000000e+02,500000,max_evaluations,29.998979
atmals-gsk,cec2013,28,50,32,130242879,1.8000000000e+03,4.0000000000e+02,500000,max_evaluations,28.747925
atmals-gsk,cec2013,28,50,33,131242916,1.8000000000e+03,4.0000000000e+02,500000,max_evaluations,29.633500
atmals-gsk,cec2013,28,50,34,132242953,1.8000000000e+03,4.0000000000e+02,500000,max_evaluations,28.872833
atmals-gsk,cec2013,28,50,35,133242990,1.8000000000e+03,4.0000000000e+02,500000,max_evaluations,29.441606
atmals-gsk,cec2013,28,50,36,134243027,1.8000000000e+03,4.0000000000e+02,500000,max_evaluations,27.929508
atmals-gsk,cec2013,28,50,37,135243064,1.8000000000e+03,4.0000000000e+02,500000,max_evaluations,29.749376
atmals-gsk,cec2013,28,50,38,136243101,1.8000000000e+03,4.0000000000e+02,500000,max_evaluations,29.277790
atmals-gsk,cec2013,28,50,39,137243138,1.8000000000e+03,4.0000000000e+02,500000,max_evaluations,33.160375
atmals-gsk,cec2013,28,50,40,138243175,1.8000000000e+03,4.0000000000e+02,500000,max_evaluations,33.245957
atmals-gsk,cec2013,28,50,41,139243212,1.8000000000e+03,4.0000000000e+02,500000,max_evaluations,33.723326
atmals-gsk,cec2013,28,50,42,140243249,1.8000000000e+03,4.0000000000e+02,500000,max_evaluations,32.819604
atmals-gsk,cec2013,28,50,43,141243286,1.8000000000e+03,4.0000000000e+02,500000,max_evaluations,32.302772
atmals-gsk,cec2013,28,50,44,142243323,1.8000000000e+03,4.0000000000e+02,500000,max_evaluations,32.692830
atmals-gsk,cec2013,28,50,45,143243360,1.8000000000e+03,4.0000000000e+02,500000,max_evaluations,32.804354
atmals-gsk,cec2013,28,50,46,144243397,1.8000000000e+03,4.0000000000e+02,500000,max_evaluations,24.279592
atmals-gsk,cec2013,28,50,47,145243434,1.8000000000e+03,4.0000000000e+02,500000,max_evaluations,24.351215
atmals-gsk,cec2013,28,50,48,146243471,1.8000000000e+03,4.0000000000e+02,500000,max_evaluations,24.505696
atmals-gsk,cec2013,28,50,49,147243508,1.8000000000e+03,4.0000000000e+02,500000,max_evaluations,23.716724
atmals-gsk,cec2013,28,50,50,148243545,1.8000000000e+03,4.0000000000e+02,500000,max_evaluations,24.395861
atmals-gsk,cec2013,28,50,51,149243582,1.8000000000e+03,4.0000000000e+02,500000,max_evaluations,23.237395
